sw2005A_utt_013_0.wav0,482.05775958301,1613.365569122,2452.5446853245,3721.0867104107
sw2005A_utt_013_0.wav1,396.19316156343,1530.2040134388,2395.9767955913,3668.2224281902
sw2005A_utt_013_0.wav2,354.50905174575,1629.604222391,2421.0258472856,3666.0917987521
sw2005A_utt_013_0.wav3,328.09384469667,1727.4027821668,2403.081438788,3649.8353018913
sw2005A_utt_013_0.wav4,301.75218088755,1782.1753528109,2403.2823463069,3574.4089562991
sw2005A_utt_013_0.wav5,288.3228444184,1788.6601764607,2402.5428125573,3564.0039107716
sw2005A_utt_013_0.wav6,287.41576347534,1778.5285292445,2411.0194222899,3560.564356636
sw2005A_utt_013_0.wav7,300.01161239666,1754.5198695979,2416.787791169,3619.8483401392
sw2005A_utt_013_0.wav8,314.76365214289,1741.1348828546,2405.9821768981,3616.9155998994
sw2005A_utt_013_0.wav9,325.83154690839,1756.0702058299,2374.9638606039,3619.6596872588
sw2005A_utt_013_0.wav10,366.81974294292,1761.0502546487,2354.1467753659,3613.7791365183
sw2005A_utt_013_0.wav11,410.499509821,1771.535992573,2301.5574237619,3548.3601332692
sw2005A_utt_013_0.wav12,450.00856053414,1773.5200826251,2198.9135038786,3551.7379591016
sw2005A_utt_013_0.wav13,471.47412850267,1734.9943696262,2098.3988351024,3553.4142251938
sw2005A_utt_013_0.wav14,484.12049142187,1705.3697035074,2029.6285395381,3555.4693413817
sw2005A_utt_013_0.wav15,487.76837365785,1662.2752755961,1973.6785400008,3564.7694052156
sw2005A_utt_013_0.wav16,489.52791361032,1627.3739566833,1939.8398293871,3558.8159836978
sw2005A_utt_013_0.wav17,495.09516541458,1588.0912643227,1909.1352464009,3547.6072785905
sw2005A_utt_013_0.wav18,487.20663548505,1563.7901710152,1881.8052137708,3571.2434918015
sw2005A_utt_013_0.wav19,472.98098882775,1547.2816423385,1864.3156844293,3596.0699707762
sw2005A_utt_013_0.wav20,443.95619912885,1520.0224142425,1852.9703173873,3637.3363226988
sw2005A_utt_013_0.wav21,388.17241296526,1480.2696807795,1905.9080890645,3626.3394312251
sw2005A_utt_013_0.wav22,334.89176010345,1474.7464509593,2005.8658551032,3570.2598656242
sw2005A_utt_013_0.wav23,320.66923791947,1474.083506046,2057.9271888124,3568.5458186059
sw2005A_utt_013_0.wav24,289.54735826577,1484.7113192729,2107.1213865246,3595.7211943068
sw2005A_utt_013_0.wav25,283.98481818202,1475.8926593771,2144.9548121656,3591.0200886415
sw2005A_utt_013_0.wav26,272.47892632748,1475.5265022995,2186.3205714539,3583.5135341308
sw2005A_utt_013_0.wav27,258.42845711656,1486.49027867,2226.3639414167,3582.965610197
sw2005A_utt_013_0.wav28,256.73756177005,1493.7970774257,2253.5086348906,3573.3383316381
sw2005A_utt_013_0.wav29,251.95296690248,1509.8736746082,2271.4960944325,3589.6783608778
sw2005A_utt_013_0.wav30,249.77512128768,1512.7722592166,2319.5030223946,3616.1479663201
sw2005A_utt_013_0.wav31,239.75285027802,1539.3516622982,2360.6469454088,3599.6501456494
sw2005A_utt_013_0.wav32,242.72452858426,1542.6714802218,2386.6606294066,3595.119502881
sw2005A_utt_013_0.wav33,227.97836782993,1584.130577558,2400.4617588978,3575.9726895597
sw2005A_utt_013_0.wav34,265.71266692077,1625.7732245111,2451.593968357,3676.3077649976
sw2005A_utt_013_0.wav35,327.0597149478,1630.9604143665,2339.5711696352,3598.1655604472
sw2005A_utt_013_0.wav36,295.7188104499,1651.5695873043,2359.6896506471,3649.4341069993
sw2005A_utt_013_0.wav37,295.69206183622,1722.9586271572,2450.1611879535,3722.225946273
sw2005A_utt_013_0.wav38,300.38434839764,1744.9064819312,2409.2223984928,3661.9753907082
sw2005A_utt_013_0.wav39,318.1964590715,1733.6535781989,2372.151794578,3701.7657428685
sw2005A_utt_013_0.wav40,326.4080944063,1679.242425622,2299.164271414,3668.2634999278
sw2005A_utt_013_0.wav41,362.933441516,1648.0104727043,2242.7356955761,3633.60271945
sw2005A_utt_013_0.wav42,403.30464935861,1598.7783435898,2070.4982275208,3620.1277597318
sw2005A_utt_013_0.wav43,444.51507201442,1547.1094154704,2011.3482588443,3559.1995315769
sw2005A_utt_013_0.wav44,481.17171387321,1507.3468836515,2019.3504932891,3514.6707024835
sw2005A_utt_013_0.wav45,516.57219495296,1452.1385305014,1998.6266188641,3519.2516825125
sw2005A_utt_013_0.wav46,538.08280763969,1422.6549599985,1942.3414511952,3457.7766651464
sw2005A_utt_013_0.wav47,553.17997070878,1391.9026169264,1929.7577893385,3402.2494918694
sw2005A_utt_013_0.wav48,567.27278834012,1366.9491755555,1938.3311914996,3462.7325025067
sw2005A_utt_013_0.wav49,581.57740893202,1330.6523949305,1976.2476846815,3554.0827445426
sw2005A_utt_013_0.wav50,570.72327156103,1305.4093432752,1979.6032405174,3578.1011179087
sw2005A_utt_013_0.wav51,550.22372707132,1278.9597779823,1919.6196808325,3428.90414408
sw2005A_utt_013_0.wav52,546.84349237389,1253.177491193,1880.1337605989,3387.5646646187
sw2005A_utt_013_0.wav53,557.36892457193,1250.1242712785,1851.422923771,3357.3625267955
sw2005A_utt_013_0.wav54,560.26328455082,1248.7659983211,1826.0443776646,3390.5848561034
sw2005A_utt_013_0.wav55,560.60478754898,1240.0847432531,1825.0713342458,3351.5364009477
sw2005A_utt_013_0.wav56,568.7311627132,1233.3809647087,1826.6010464372,3312.6438087314
sw2005A_utt_013_0.wav57,581.05635224593,1243.4601903117,1870.4546495586,3337.0451873646
sw2005A_utt_013_0.wav58,577.8188831795,1253.7683764592,1930.3181622913,3341.4073686513
sw2005A_utt_013_0.wav59,563.97461893043,1246.8080373513,1915.3482238073,3366.4048027505
sw2005A_utt_013_0.wav60,564.39002483751,1252.0454588435,1923.6026781937,3283.4453393936
sw2005A_utt_013_0.wav61,564.49801039503,1267.4265879681,1959.0103784464,3332.0684701754
sw2005A_utt_013_0.wav62,556.48362056954,1260.6315379324,1994.6987133747,3357.1471155073
sw2005A_utt_013_0.wav63,554.603727562,1254.4975753145,2018.2782835748,3369.4893507859
sw2005A_utt_013_0.wav64,539.46863927561,1245.6991632385,2026.429031964,3354.7783929381
sw2005A_utt_013_0.wav65,493.06028139963,1232.5890533902,2111.0635113193,3394.0025660564
sw2005A_utt_013_0.wav66,381.30827989543,1325.042229055,2186.4400275155,3411.636810559
sw2005A_utt_013_0.wav67,334.07027608253,1461.2180068406,2239.3442168695,3526.947509701
sw2005A_utt_013_0.wav68,283.40148165726,1501.3338651074,2212.7264173215,3469.3208433827
sw2005A_utt_013_0.wav69,263.47354696541,1539.7287312833,2244.3333326047,3408.4978732635
sw2005A_utt_013_0.wav70,253.47079720257,1551.9485572464,2291.5641759449,3459.5346248135
sw2005A_utt_013_0.wav71,239.49808198762,1553.6915062668,2312.6577045338,3507.5630841659
sw2005A_utt_013_0.wav72,231.05842024459,1550.3505795298,2316.0301493399,3535.1329080118
sw2005A_utt_013_0.wav73,222.3239964616,1546.1514164314,2334.4910114722,3489.4967265748
sw2005A_utt_013_0.wav74,227.66803985814,1553.0659223841,2352.3872487862,3489.0899584933
sw2005A_utt_013_0.wav75,228.38966142303,1549.6596790477,2363.2832805552,3527.5067533725
sw2005A_utt_013_0.wav76,229.23935113353,1537.5210483684,2396.7600211417,3529.9960031021
sw2005A_utt_013_0.wav77,237.21876394304,1521.0338112357,2420.1367018347,3469.5953960305
sw2005A_utt_013_0.wav78,233.19234696504,1523.4859981853,2451.9679178236,3537.6962800403
sw2005A_utt_013_0.wav79,231.82383587931,1525.3809105169,2466.7446559739,3537.2956003109
sw2005A_utt_013_0.wav80,227.66205537059,1531.2770095935,2477.4130892427,3594.551716664
sw2005A_utt_013_0.wav81,219.95897620754,1541.8761586247,2493.158100911,3594.560199228
sw2005A_utt_013_0.wav82,216.05262477629,1576.629341105,2514.221308051,3576.6160051759
sw2005A_utt_013_0.wav83,215.00856580717,1622.3029401185,2534.9804900939,3589.1542834032
sw2005A_utt_013_0.wav84,251.30503899579,1663.53417207,2578.7544557828,3691.1882668677
sw2005A_utt_013_0.wav85,284.04448906032,1718.3358819661,2619.6032299429,3753.5084890135
sw2005A_utt_013_0.wav86,290.86293154146,1773.6956492391,2648.7077813562,3768.1534152029
sw2005A_utt_013_0.wav87,297.15136988744,1823.895664309,2670.368931116,3766.3316564451
sw2005A_utt_013_0.wav88,299.94905237861,1862.039176432,2693.7580408495,3759.1840685972
sw2005A_utt_013_0.wav89,285.73577562321,1704.8402981774,2426.0803381166,3558.1492131371
sw2005A_utt_013_0.wav90,-90.369186358436,30.394709645003,14.980002591755,-13.929787366365
sw2005A_utt_013_0.wav91,81.106856289794,1101.0302899359,1801.00314322,2619.4324462275
sw2005A_utt_013_0.wav92,153.58522077174,1260.6725220938,2186.7790344312,3072.7643713203
sw2005A_utt_013_0.wav93,-64.658113780473,346.08676585594,779.52399200069,1000.3061002487
sw2005A_utt_013_0.wav94,166.50106234497,1244.9920618108,2141.2309640009,2961.2630643926
sw2005A_utt_013_0.wav95,251.02206175517,1543.944765642,2417.6262617089,3368.7050671317
sw2005A_utt_013_0.wav96,287.6248209105,1652.7237264405,2479.2342593459,3465.396724929
sw2005A_utt_013_0.wav97,308.94161618338,1723.4169063605,2516.5729284623,3510.0166992963
sw2005A_utt_013_0.wav98,302.3427014774,1518.7434980999,2271.5375880416,3185.4586081015
sw2005A_utt_013_0.wav99,268.34427346846,1282.2743389683,2014.5022899737,2905.871510154
sw2005A_utt_013_0.wav100,388.20669189844,1595.1594202862,2364.7077366978,3502.9728926637
sw2005A_utt_013_0.wav101,-15.148066038324,35.782007296245,13.239865606789,18.694583899904
sw2005A_utt_013_0.wav102,-0.91839794695188,11.916453959775,6.4039495110008,13.019710242055
sw2005A_utt_013_0.wav103,0.72874080141404,5.5053187622164,4.0032113023522,5.0967544356736
sw2005A_utt_013_0.wav104,1.5614444812514,1.5920609068207,2.1823431300768,1.0995231344812
sw2005A_utt_013_0.wav105,0.88860963478268,-0.067012411625975,1.3001939778107,0.21777423957955
sw2005A_utt_013_0.wav106,0.090904674480936,-0.48567242788135,0.6511761009035,0.38606651262493
sw2005A_utt_013_0.wav107,-0.33163533881561,-0.56833539399832,0.35785683693235,0.22430635584748
sw2005A_utt_013_0.wav108,-0.26099302131946,-0.31548996390447,0.39440391673182,0.14215372026932
sw2005A_utt_013_0.wav109,0.011705365294254,-0.14895796328883,0.56511788473161,0.11853509225317
sw2005A_utt_013_0.wav110,531.4207900031,1618.4138501664,2470.2417350518,3664.7919916395
sw2005A_utt_013_0.wav111,-18.247979296714,112.5681144304,156.36935833194,258.81019006145
sw2005A_utt_013_0.wav112,5.4435164412483,72.175307389129,107.00971086871,147.84566834455
sw2005A_utt_013_0.wav113,324.51314067401,1174.4968360762,1930.3490091058,2870.6850459036
sw2005A_utt_013_0.wav114,80.345623962082,638.56975398376,1189.7236817798,1719.7549165448
sw2005A_utt_013_0.wav115,10.378450418,372.43927388476,714.25135064606,1020.3101381071
sw2005A_utt_013_0.wav116,426.12463361327,1570.9687944745,2465.2853437928,3602.6140141497
sw2005A_utt_013_0.wav117,416.5206291819,1582.2785597433,2448.9797983882,3560.7144106135
sw2005A_utt_013_0.wav118,408.86627972268,1532.7868741356,2416.5853501079,3538.8358879792
sw2005A_utt_013_0.wav119,468.22793818867,1549.4933875882,2273.081461627,3445.0309900316
sw2005A_utt_013_0.wav120,414.10952697402,1495.1335940763,2313.4077041857,3455.1964051781
sw2005A_utt_013_0.wav121,368.19822190732,1547.6509619337,2443.0902532483,3561.4103915079
sw2005A_utt_013_0.wav122,399.54272735641,1456.5381195522,2280.9343112565,3495.3056969586
sw2005A_utt_013_0.wav123,333.98445146533,1369.9007203904,2308.7892649146,3496.5217663205
sw2005A_utt_013_0.wav124,376.19534289398,1338.0426918465,2331.0805039015,3578.2879485449
sw2005A_utt_013_0.wav125,392.35858371907,1248.3096396257,2340.2280960803,3539.6831614523
sw2005A_utt_013_0.wav126,464.04092111923,1204.0314292997,2295.1906543638,3544.113678931
sw2005A_utt_013_0.wav127,476.669930558,1342.520877251,2454.7673742571,3620.4714269136
sw2005A_utt_013_0.wav128,334.58148178842,941.53585885905,1741.1284579922,2541.4606440512
sw2005A_utt_013_0.wav129,375.12298456165,1317.1283618897,2465.8681595558,3519.5211628069
sw2005A_utt_013_0.wav130,418.89036497425,1319.3066545125,2376.8908835955,3414.9885323993
sw2005A_utt_013_0.wav131,407.72718721183,1254.6571006789,2242.7841927401,3259.188543973
sw2005A_utt_013_0.wav132,372.75528562346,1215.5690637918,2164.2991183299,3168.4500192021
sw2005A_utt_013_0.wav133,463.93224861831,1452.8170953924,2489.2518670147,3620.4642495641
sw2005A_utt_013_0.wav134,483.77346525177,1522.0423829724,2484.1931980363,3591.8007750595
sw2005A_utt_013_0.wav135,15.055270826918,109.33748947989,230.8068655365,324.88539673464
sw2005A_utt_013_0.wav136,560.12757104338,1616.4173387534,2455.0878738227,3526.1444649803
sw2005A_utt_013_0.wav137,523.00954038739,1607.6174827176,2448.7783623049,3557.1705315442
sw2005A_utt_013_0.wav138,57.938462152911,110.32080565233,81.419152742883,279.37112686323
sw2005A_utt_013_0.wav139,378.78823624529,1213.4938695609,1757.3049888051,2772.2351436465
sw2005A_utt_013_0.wav140,438.25712721911,1574.9661384852,2195.0073526461,3406.2311520478
sw2005A_utt_013_0.wav141,388.03795183483,1664.3962822676,2274.9760995138,3482.5585542644
sw2005A_utt_013_0.wav142,342.57786666044,1570.565953137,2187.1750441859,3386.2308722363
sw2005A_utt_013_0.wav143,402.76181017405,1670.4445222769,2230.5911360586,3474.2221277452
sw2005A_utt_013_0.wav144,354.49609041689,1584.178704963,2166.0267189925,3398.2203462292
sw2005A_utt_013_0.wav145,434.48538847033,1722.4473270771,2311.9925177289,3519.9872042676
sw2005A_utt_013_0.wav146,468.59547377024,1762.9064248863,2412.8702839324,3584.3909816103
sw2005A_utt_013_0.wav147,411.98881245215,1669.2302873028,2313.7639789394,3494.8314198601
sw2005A_utt_013_0.wav148,458.09319280662,1777.0856513578,2458.5781789018,3597.0985835113
sw2005A_utt_013_0.wav149,389.49491149439,1719.9644770069,2443.9997453022,3578.6389118004
sw2005A_utt_013_0.wav150,455.62428290535,1764.7164854923,2548.0159068761,3678.1135743436
sw2005A_utt_013_0.wav151,380.96398365553,1723.0962801747,2525.6997880046,3645.0561504756
sw2005A_utt_013_0.wav152,414.36516547258,1775.1950911447,2421.2055317199,3570.0810922291
sw2005A_utt_013_0.wav153,450.01589130273,1773.2953239636,2366.7710271136,3547.3810476808
sw2005A_utt_013_0.wav154,486.47847662069,1792.21851679,2382.7434374523,3572.3309763397
sw2005A_utt_013_0.wav155,490.96950994152,1776.0944484117,2351.5893239704,3563.368394191
sw2005A_utt_013_0.wav156,404.8424891893,1738.3539127729,2371.3044713988,3608.3233265393
sw2005A_utt_013_0.wav157,345.83099566592,1767.9374979883,2362.3603555583,3669.273149565
sw2005A_utt_013_0.wav158,300.93158946394,1845.3958771033,2370.580953719,3630.471604983
sw2005A_utt_013_0.wav159,291.62769101321,1907.3707711723,2386.5977331403,3648.4319674871
sw2005A_utt_013_0.wav160,294.91634287661,1912.4866760677,2371.3049397175,3670.4812852285
sw2005A_utt_013_0.wav161,286.86108278424,1929.5981633553,2380.2920207438,3635.0374894949
sw2005A_utt_013_0.wav162,280.44159532155,1983.8560209042,2442.5092033373,3653.6914593127
sw2005A_utt_013_0.wav163,296.7779941448,1943.0498925787,2427.8956885138,3712.7885628514
sw2005A_utt_013_0.wav164,316.77592532658,1925.1830061293,2422.9762843137,3743.1790566352
sw2005A_utt_013_0.wav165,345.71925574269,1946.7699917384,2397.1079663209,3650.3681520348
sw2005A_utt_013_0.wav166,384.39392989358,1864.5434847997,2376.0440873153,3721.821823764
sw2005A_utt_013_0.wav167,417.35752075787,1835.6940133448,2348.8405942876,3774.9881601095
sw2005A_utt_013_0.wav168,453.00455822655,1813.5376830532,2311.9468800554,3686.128529204
sw2005A_utt_013_0.wav169,477.94610378226,1735.2651406014,2210.1077240207,3696.8278986205
sw2005A_utt_013_0.wav170,491.9480022022,1680.2148631582,2135.1578535161,3677.5051077657
sw2005A_utt_013_0.wav171,512.52715595288,1629.6203832312,2035.0066879506,3603.9262962232
sw2005A_utt_013_0.wav172,519.19783197603,1590.575546251,2032.9375325133,3679.3845076359
sw2005A_utt_013_0.wav173,504.86147135247,1566.6303907143,2015.2951105266,3692.5903593878
sw2005A_utt_013_0.wav174,489.26791477429,1545.2154886617,1943.9093076862,3598.0223545187
sw2005A_utt_013_0.wav175,465.93409269836,1502.5760309273,1902.8040677397,3555.667171513
sw2005A_utt_013_0.wav176,457.2074912067,1487.3284626535,1884.024771303,3585.7418166246
sw2005A_utt_013_0.wav177,456.48271993411,1463.3552387651,1863.7902414946,3577.4945946071
sw2005A_utt_013_0.wav178,454.57669483075,1435.6119304151,1856.5859780079,3562.5651890228
sw2005A_utt_013_0.wav179,464.78354181456,1383.1838603802,1876.2171096488,3546.8799018095
sw2005A_utt_013_0.wav180,458.65928418447,1384.6723909824,1889.1123244358,3500.9400069922
sw2005A_utt_013_0.wav181,467.11825938998,1390.7776378506,2039.2599611968,3620.1059816958
sw2005A_utt_013_0.wav182,463.60796202894,1425.0434406382,1972.5925655361,3557.5095770958
sw2005A_utt_013_0.wav183,461.29198934073,1426.8325393946,2019.6971077051,3592.3658577931
sw2005A_utt_013_0.wav184,507.44007945479,1499.0032781519,1992.0766136842,3609.4589149636
sw2005A_utt_013_0.wav185,560.4259125429,1502.81020209,2045.4111081108,3605.5829150983
sw2005A_utt_013_0.wav186,551.26280317313,1496.8102045897,2059.5724712228,3546.7157790115
sw2005A_utt_013_0.wav187,557.3985525096,1479.6103620783,2063.1759667403,3523.9913867094
sw2005A_utt_013_0.wav188,590.92928089787,1443.8640268483,2054.3031774948,3490.966298332
sw2005A_utt_013_0.wav189,598.1049955913,1418.7130401676,2004.4744624569,3463.921721196
sw2005A_utt_013_0.wav190,559.66680272583,1389.7142943509,1958.1170255182,3435.5599436231
sw2005A_utt_013_0.wav191,567.42773552101,1426.5109689838,2021.6762125253,3505.0618501532
sw2005A_utt_013_0.wav192,550.56511831217,1411.9541616841,2001.1565163883,3413.4981881396
sw2005A_utt_013_0.wav193,475.24734061043,1271.221220154,2075.4600872461,3542.8861814395
sw2005A_utt_013_0.wav194,476.7168195152,1080.8596483522,2112.1634281257,3547.9086030369
sw2005A_utt_013_0.wav195,477.46591600322,998.12375763765,2154.209073127,3492.052281278
sw2005A_utt_013_0.wav196,483.28442509347,975.87111898894,2196.1071254342,3463.0841437001
sw2005A_utt_013_0.wav197,487.51047615948,969.33895468233,2241.6529400616,3448.4114296032
sw2005A_utt_013_0.wav198,488.99672285568,971.27247705088,2254.6918929894,3446.2412477373
sw2005A_utt_013_0.wav199,500.69811709209,986.2636083698,2307.8755813166,3446.108700027
sw2005A_utt_013_1.wav0,509.26669413591,1027.4376038387,2431.955218136,3624.7949186128
sw2005A_utt_013_1.wav1,523.03560206231,1066.9352781738,2381.7691856504,3681.8695229691
sw2005A_utt_013_1.wav2,488.62948515037,1028.2017123762,2384.7194216592,3594.2244939234
sw2005A_utt_013_1.wav3,505.07266111019,1016.7988010042,2383.740390502,3586.0716414288
sw2005A_utt_013_1.wav4,508.14118963814,1014.3372264416,2356.78224069,3561.3524800758
sw2005A_utt_013_1.wav5,504.98101681119,1001.0310234214,2386.1122682986,3592.8386142556
sw2005A_utt_013_1.wav6,509.87195142179,1008.0862785688,2408.3515323582,3603.7606089142
sw2005A_utt_013_1.wav7,512.14916571994,1010.0421545343,2430.6969286777,3605.6827746995
sw2005A_utt_013_1.wav8,506.91423284914,1009.0850014006,2406.1923043075,3668.2916445511
sw2005A_utt_013_1.wav9,510.93813537065,1015.3230853224,2413.4412312569,3629.1135883262
sw2005A_utt_013_1.wav10,524.94657760491,1022.2213195292,2468.0183283218,3625.2731805426
sw2005A_utt_013_1.wav11,518.78400655229,1021.4102763244,2478.3781716433,3613.9977514712
sw2005A_utt_013_1.wav12,520.98767502399,1022.0411562951,2504.7400325982,3593.0553450307
sw2005A_utt_013_1.wav13,517.62132804356,1014.4166895781,2539.8661783734,3605.84001368
sw2005A_utt_013_1.wav14,512.15339672671,1000.9451981767,2565.7121135391,3630.7639119642
sw2005A_utt_013_1.wav15,503.65395770516,994.52791120873,2573.1740344611,3632.566235424
sw2005A_utt_013_1.wav16,490.78903580518,1005.4759634936,2541.8571478924,3643.577120993
sw2005A_utt_013_1.wav17,482.34625404959,989.07120365489,2513.7949255892,3589.3977256339
sw2005A_utt_013_1.wav18,471.75499099506,961.99790963257,2520.5091230169,3568.7596510494
sw2005A_utt_013_1.wav19,460.08353790003,964.03318869911,2467.4146926512,3577.1225592127
sw2005A_utt_013_1.wav20,449.28670289212,941.73053173685,2445.8034597633,3568.7527375193
sw2005A_utt_013_1.wav21,440.13914776535,918.53837077959,2448.3442502187,3530.8951674463
sw2005A_utt_013_1.wav22,452.49026081799,943.13994122785,2430.8605627405,3587.2851133033
sw2005A_utt_013_1.wav23,431.84447390381,902.63847055418,2439.8238682016,3536.2321985407
sw2005A_utt_013_1.wav24,425.57641139816,896.33093530251,2434.7342241502,3546.2520313006
sw2005A_utt_013_1.wav25,440.71428648273,950.73873255507,2403.6677412166,3586.3737365368
sw2005A_utt_013_1.wav26,406.82714233716,891.26867055719,2401.0105228295,3560.6782632268
sw2005A_utt_013_1.wav27,388.85821268188,990.34150485729,2435.7945499443,3582.4738585849
sw2005A_utt_013_1.wav28,374.16096575617,953.58061551652,2394.4623246257,3594.1544776124
sw2005A_utt_013_1.wav29,370.14001872427,877.27314137518,2398.8936962712,3553.1853939513
sw2005A_utt_013_1.wav30,369.38311335831,857.19650324516,2397.9242932828,3526.8716301148
sw2005A_utt_013_1.wav31,378.23910242253,872.89015272741,2388.7116877304,3530.2399198028
sw2005A_utt_013_1.wav32,367.79419535082,882.69282385348,2407.2953688494,3568.0162521612
sw2005A_utt_013_1.wav33,351.29398115124,892.62739761419,2419.3633044438,3580.1082779137
sw2005A_utt_013_1.wav34,340.6870626364,916.66180400361,2409.9805271777,3599.542469333
sw2005A_utt_013_1.wav35,337.8082767827,934.7233121009,2402.142664981,3586.5057070378
sw2005A_utt_013_1.wav36,344.48341112145,958.95371545248,2395.9922142078,3611.7570854216
