sw2005A_utt_013  [
  0.07670965 0.3666706 -0.06948703 
  -0.1118115 0.3681583 -0.1847784 
  -0.2524541 0.3596249 -0.08018668 
  -0.1898234 0.2910395 -0.2730833 
  -0.3512942 0.2222614 -0.2793812 
  -0.5860435 0.1832256 -0.1488871 
  -0.7998053 0.1639652 -0.1152707 
  -0.9015105 0.1344156 -0.1139672 
  -0.9082692 0.1146822 -0.154581 
  -1.093967 0.1046562 -0.05699561 
  -1.039019 0.09459782 -0.1017592 
  -0.998988 0.0945015 -0.03799045 
  -0.9749638 0.08444309 -0.0008121948 
  -0.9025449 0.08442879 -0.1087413 
  -0.923432 0.06447506 -0.1041144 
  -0.7517017 0.04451752 -0.03802571 
  -0.7638555 0.04451275 0.07793999 
  -0.7649248 0.04450035 0.02328014 
  -0.9161655 0.05442524 -0.1437963 
  -0.6403206 0.04441738 -0.009176 
  -0.5310549 0.01447868 -0.01403399 
  -0.5721343 0.004447937 0.03230966 
  -0.9588589 0.03427124 -0.01308686 
  -1.143476 0.0441637 0.0093687 
  -1.105495 0.04414845 -0.002216041 
  -1.134456 0.04414082 -0.01963699 
  -1.158077 0.04406834 0.02648908 
  -1.046034 0.04404831 -0.01082068 
  -1.082299 0.05401421 -0.01506894 
  -1.008132 0.05399418 -0.1342973 
  -0.8448027 0.04399681 0.006278735 
  -0.5734169 0.0140667 -0.1487601 
  -0.4888137 -0.01586342 -0.1079402 
  -0.2604115 -0.02589512 -0.01708833 
  -0.0653811 -0.03604889 0.06144255 
  0.003941135 -0.04619408 0.006887117 
  -0.008892234 -0.03634071 0.1102692 
  -0.009919878 -0.01644325 -0.01876071 
  0.05665225 0.01341915 0.127877 
  -0.08260633 -0.01658249 0.06830721 
  -0.2376037 0.02331161 0.08833186 
  -0.3552794 0.04321575 0.04848605 
  -0.6510201 0.06301403 0.003749898 
  -0.7365437 0.06299496 -0.09538177 
  -0.6733837 0.05301285 -0.05105187 
  -0.7057701 0.04302597 -0.1224573 
  -0.8166863 0.03295422 -0.150769 
  -0.7844221 0.01292419 -0.08489456 
  -0.6593601 -0.007074356 -0.07317986 
  -0.7126901 -0.01707935 -0.03726596 
  -0.8628325 -0.02710915 -0.0260849 
  -0.9686779 -0.02716732 -0.06461633 
  -0.8384814 -0.02719021 0.05503209 
  -0.8331546 -0.02722549 -0.06287605 
  -0.7684882 -0.02724934 0.00219621 
  -0.9495128 -0.03723907 -0.08055545 
  -0.9079094 -0.03725529 -0.001333607 
  -0.7446997 -0.04724789 -0.06630988 
  -0.8079771 -0.05723858 0.000176006 
  -0.9878655 -0.06730843 -0.001533229 
  -0.8109663 -0.07731533 0.01404818 
  -0.7521219 -0.07736111 -0.1135211 
  -0.8052799 -0.08734703 0.001809043 
  -0.686153 -0.08753586 -0.05912829 
  -0.4680382 -0.09769917 0.02433268 
  -0.4048843 -0.1177759 -0.04769499 
  -0.6437491 -0.1178074 -0.04980487 
  -1.005225 -0.1079454 0.01295005 
  -1.055663 -0.09798241 0.1095202 
  -1.10566 -0.0980072 0.0248475 
  -1.133733 -0.09814358 -0.05069488 
  -1.115834 -0.09816551 0.02539821 
  -1.095819 -0.09817886 -0.06125449 
  -1.085355 -0.08826447 0.08329919 
  -1.083341 -0.08827496 -0.01883451 
  -0.8585532 -0.08847141 0.00539657 
  -0.8725597 -0.08871269 0.04992689 
  -0.92349 -0.08883572 0.08941242 
  -0.9504765 -0.07843494 0.05829135 
  -0.8884077 -0.068326 0.05937561 
  -0.8805481 -0.05753517 0.01337884 
  -0.8457321 -0.04521942 0.04425064 
  -0.8004658 -0.02481174 0.1664818 
  -0.6778232 -0.01749039 0.06017135 
  -0.496087 -0.003155708 0.1720743 
  -0.4020096 0.001161575 0.1103274 
  -0.355048 0.005633354 0.1195433 
  -0.299803 0.01060486 0.03345543 
  -0.1101984 0.01661396 0.07147628 
  -0.03468334 0.02246857 0.1036237 
  -0.04833982 0.02791309 0.04996266 
  -0.03486472 0.03254414 0.08174166 
  0.05252347 0.0368948 0.1081293 
  0.1045783 0.04076862 0.1066457 
  0.08128241 0.04478645 0.09672886 
  0.04465157 0.05881977 0.03636606 
  0.09381587 0.06298828 0.07249032 
  0.1158331 0.06713867 -0.02072357 
  0.103976 0.07191944 0.02954421 
  0.04052591 0.07696724 0.08470939 
  0.01986459 0.08230019 0.05453556 
  0.09204753 0.08657551 0.1344214 
  -0.04671919 0.09130096 0.1270631 
  -0.02525062 0.09678555 0.08508338 
  0.04022685 0.104887 0.1360587 
  0.04135985 0.1138964 0.04381544 
  -0.01165646 0.122757 0.03312253 
  -0.007572481 0.1313286 0.01351101 
  0.06808388 0.1398363 0.05310763 
  0.1144966 0.1494246 0.07401277 
  0.110448 0.1592913 0.08683367 
  0.09554062 0.1692486 0.09083495 
  0.0590431 0.1891689 0.07215255 
  0.06520201 0.1991329 0.006895764 
  0.07063629 0.2090826 0.03046048 
  0.006903894 0.2190218 0.007486525 
  0.05022768 0.2288504 0.0139276 
  0.09569182 0.2385197 0.1104071 
  0.02616126 0.2477026 0.06360164 
  -0.007277156 0.2565145 0.06779324 
  -0.0144711 0.2654648 0.04175752 
  -0.0917531 0.2744064 0.1080886 
  -0.0776276 0.2943392 0.08736363 
  0.04446435 0.313962 0.08221367 
  0.03211116 0.3233318 0.1069644 
  0.04724721 0.3326683 -0.004069442 
  0.04856369 0.3418159 0.03784565 
  0.0246457 0.3511276 0.0489182 
  -0.03658162 0.3604412 0.06318424 
  -0.02561736 0.3697567 0.03565867 
  -0.01678399 0.3789082 0.03296689 
  -0.01599619 0.3878822 0.07573768 
  -0.01809802 0.3966761 0.06890541 
  0.01379945 0.4053307 -0.07070235 
  -0.07236229 0.4138184 0.05530402 
  -0.02992016 0.4219589 0.001039696 
  0.03602985 0.4297781 0.1088816 
  0.007711848 0.4379473 0.05503289 
  -0.1098962 0.4459343 -0.009331512 
  -0.1088801 0.4536457 0.1244281 
  -0.08278773 0.4523487 -0.08228741 
  0.0264624 0.4515715 0.002933617 
  -0.07686711 0.4481344 -0.03299388 
  -0.009518767 0.4443798 0.008819195 
  -0.02259829 0.4404612 0.01289967 
  -0.08744187 0.4359674 0.02394056 
  0.01903102 0.4308405 -0.003561628 
  0.01089573 0.425005 0.07450325 
  0.04193306 0.4187565 -0.052061 
  0.007858534 0.4121075 0.05156934 
  -0.1117659 0.4053526 0.1000877 
  -0.156865 0.3966913 -0.04577214 
  -0.1292343 0.3874311 -0.0289632 
  -0.08322736 0.377697 0.04544895 
  -0.07497924 0.3576479 -0.04609903 
  -0.002268165 0.3377838 0.02571928 
  -0.01734599 0.3279037 -0.02756688 
  -0.3374605 0.3082218 -0.1418444 
  -0.4663814 0.2589159 -0.1503125 
  -0.7500712 0.2298412 -0.06391323 
  -1.006558 0.2166939 -0.09355263 
  -0.8343111 0.1949863 -0.201158 
  -0.6466916 0.1738596 -0.1961916 
  -0.554451 0.133256 -0.1206381 
  -0.6284096 0.1032372 -0.02728258 
  -0.6664952 0.103219 0.09539284 
  -0.6483393 0.1430912 0.03882163 
  -0.6153855 0.1729994 0.1710542 
  -0.6617409 0.1929169 0.05721197 
  -0.6602699 0.1927958 -0.1442192 
  -0.7241325 0.17278 -0.1165616 
  -0.8380173 0.1428337 -0.04449274 
  -0.7867492 0.1327848 -0.01167205 
  -0.7403716 0.1127176 -0.07271555 
  -0.812739 0.1026621 0.06723458 
  -0.563831 0.1225977 0.09451669 
  -0.6697257 0.1624937 0.06600083 
  -0.5894836 0.1524715 0.01496279 
  -0.5415747 0.1225357 -0.05744231 
  -0.3443451 0.1225319 -0.01718161 
  -0.1362937 0.1225233 -0.07761589 
  -0.1205481 0.1125412 -0.1125344 
  -0.09216809 0.1125402 -0.03439226 
  -0.1163387 0.1125393 -0.05428772 
  -0.1320456 0.1025572 -0.09043656 
  -0.1019632 0.09256744 -0.1179454 
  -0.0304365 0.07261276 -0.1009689 
  -0.05089345 0.0526638 -0.08681974 
  -0.01984733 0.03271866 -0.06960513 
  -0.01834198 0.01277637 -0.1489552 
  0.0166447 -0.01713657 -0.2534279 
  0.03901742 -0.04706097 -0.1881541 
  0.0231354 -0.07697678 -0.07278039 
  -0.05189779 -0.09688759 -0.07362096 
  -0.3044362 -0.04700756 -0.09484705 
  -0.08774512 -0.09687996 -0.21033 
  -0.2995173 -0.226553 -0.2127365 
  -0.6957863 -0.2464685 -0.1792368 
  -0.9309869 -0.2464371 0.01747522 
  -0.9620774 -0.2464161 -0.006419915 
  -0.9600423 -0.2563782 -0.004897588 
  -0.9185454 -0.2563524 -0.05419913 
  -0.9874139 -0.2662992 -0.03875577 
  -1.02549 -0.2662878 -0.03394 
  -0.9822061 -0.2662697 -0.02822235 
  -0.8116562 -0.2562828 0.01506631 
  -0.7811279 -0.2562733 -0.06095909 
  -0.7005828 -0.2462893 -0.01020166 
  -0.7452354 -0.2462797 0.02294673 
  -0.8657058 -0.2462711 -0.05255209 
  -0.7492977 -0.2362394 0.09318119 
  -0.7931012 -0.2262449 -0.02494585 
  -0.8945864 -0.2461672 0.005275704 
  -0.7990438 -0.2461605 -0.09625281 
  -0.7734102 -0.2260904 0.1002557 
  -0.8185295 -0.2060175 0.04755408 
  -0.7877463 -0.195961 -0.006150594 
  -0.827283 -0.1759901 0.2198672 
  -0.8535789 -0.1559658 0.1256853 
  -0.831445 -0.1360073 0.1286094 
  -0.5413085 -0.09609127 0.1170637 
  -0.5745594 -0.0561018 0.1620817 
  -0.633075 -0.01618767 0.1020935 
  -0.5976502 0.01374626 0.2950716 
  -0.5804985 0.05368614 0.2205213 
  -0.483597 0.1135435 0.2928075 
  -0.6642901 0.1635475 0.1765613 
  -0.8149001 0.193696 0.1672549 
  -0.7383915 0.2237816 0.1445168 
  -0.7565871 0.2537899 0.07319865 
  -0.7248247 0.2538595 0.01818721 
  -0.7125371 0.2638397 0.04729402 
  -0.7046448 0.2638512 0.04762766 
  -0.7506732 0.265008 0.01532028 
  -0.7059326 0.2676153 -0.04512634 ]
