sw2006A_utt_033  [
  0.9837748 191.1978 
  0.990329 191.1978 
  0.9901859 190.2465 
  0.9843047 190.2465 
  0.9791934 189.3 
  0.974418 189.3 
  0.9664736 188.3582 
  0.9561359 189.3 
  0.9782509 191.1978 
  0.9894747 191.1978 
  0.9942222 190.2465 
  0.9939566 190.2465 
  0.9902785 191.1978 
  0.8578405 191.1978 
  0.8788629 190.2465 
  0.980576 189.3 
  0.9921511 189.3 
  0.9848775 190.2465 
  0.9767169 191.1978 
  0.992943 192.1537 
  0.9908032 193.1145 
  0.9911925 195.0505 
  0.9955115 196.0257 
  0.9962418 197.0059 
  0.9966927 197.9909 
  0.9952949 198.9809 
  0.9935274 200.9756 
  0.9801086 204.0054 
  0.9632648 208.1162 
  0.9059147 210.2025 
  0.8091594 207.0808 
  0.9456007 205.0254 
  0.9555243 204.0054 
  0.9338189 206.0505 
  0.9054915 209.1568 
  0.8363789 213.3714 
  0.08255385 217.6709 
  0.213846 222.057 
  0.5921388 225.4046 
  0.7133521 217.6709 
  0.9392442 212.3098 
  0.9803074 209.1568 
  0.976249 207.0808 
  0.9613274 204.0054 
  0.9755143 200.9756 
  0.9767131 198.9809 
  0.9549627 197.9909 
  0.8962349 197.0059 
  0.8193886 196.0257 
  0.7541261 194.0801 
  0.9767708 195.0505 
  0.9796153 195.0505 
  0.9714023 193.1145 
  0.9728051 190.2465 
  0.9985774 186.4887 
  0.9962552 186.4887 
  0.979602 186.4887 
  0.8195758 185.5609 
  0.3176491 186.4887 
  0.1141431 186.4887 
  0.510176 190.2465 
  0.946363 194.0801 
  0.9697073 197.0059 
  0.9376388 199.9758 
  0.9785177 204.0054 
  0.9817553 207.0808 
  0.9815171 210.2025 
  0.983445 213.3714 
  0.985001 213.3714 
  0.9918771 212.3098 
  0.9957248 211.2535 
  0.9957095 210.2025 
  0.9968501 209.1568 
  0.9977362 209.1568 
  0.998694 208.1162 
  0.9926502 207.0808 
  0.970401 206.0505 
  0.9407097 205.0254 
  0.8161791 205.0254 
  0.8724533 205.0254 
  0.9186593 205.0254 
  0.8757555 205.0254 
  0.3598967 205.0254 
  0.04366571 205.0254 
  0.04680157 206.0505 
  0.4703208 207.0808 
  0.880927 208.1162 
  0.4476727 209.1568 
  0.3363277 210.2025 
  0.4061174 210.2025 
  0.4957257 210.2025 
  0.185362 211.2535 
  0.7077823 213.3714 
  0.7254919 208.1162 
  0.8348265 201.9805 
  0.8558711 197.0059 
  0.8671402 195.0505 
  0.9876081 196.0257 
  0.9959685 196.0257 
  0.987617 196.0257 
  0.9437369 197.0059 
  0.8339474 199.9758 
  0.4372705 202.9904 
  0.1508535 206.0505 
  0.4047527 210.2025 
  0.2449658 214.4382 
  0.2171428 218.7592 
  0.2497039 223.1673 
  0.07692334 227.6642 
  -0.09247757 232.2518 
  -0.04638986 236.9318 
  0.5153338 242.9146 
  0.8749831 241.7061 
  0.904725 234.5801 
  0.970515 231.0963 
  0.9931287 228.8026 
  0.9913968 228.8026 
  0.9909305 228.8026 
  0.9728473 227.6642 
  0.9293413 223.1673 
  0.9217013 215.5104 
  0.9779653 211.2535 
  0.9576216 209.1568 
  0.9511763 208.1162 
  0.9684047 210.2025 
  0.9584436 214.4382 
  0.9842426 217.6709 
  0.9891812 217.6709 
  0.9839175 214.4382 
  0.9846319 211.2535 
  0.9364613 209.1568 
  0.9034965 207.0808 
  0.6774305 205.0254 
  0.6791589 202.9904 
  0.5653217 200.9756 
  0.3294783 198.9809 
  0.7488058 194.0801 
  0.8938051 189.3 
  0.9815222 188.3582 
  0.9948447 188.3582 
  0.9965888 188.3582 
  0.9798729 187.4211 
  0.9393833 186.4887 
  0.8259475 185.5609 
  0.6658843 187.4211 
  0.8815733 190.2465 
  0.8891524 193.1145 
  0.8439146 196.0257 
  0.6720937 199.9758 
  -0.06047368 204.0054 
  0.03808802 208.1162 
  0.1035282 211.2535 
  0.1751481 213.3714 
  -0.02319141 216.5879 
  0.05511159 219.853 
  0.5727488 223.1673 
  0.7776317 226.5316 
  0.8349515 223.1673 
  0.7128131 214.4382 
  0.8075425 207.0808 
  0.9464964 201.9805 
  0.9792813 198.9809 
  0.9858323 197.9909 
  0.9841401 197.0059 
  0.9870927 196.0257 
  0.972024 196.0257 
  0.9700397 195.0505 
  0.9664412 194.0801 
  0.9405815 194.0801 
  0.8961551 196.0257 
  0.8265747 196.0257 
  0.8971341 197.0059 
  0.6250355 197.0059 
  0.7300235 197.0059 
  0.5936152 197.9909 
  0.4763199 198.9809 
  0.3646578 199.9758 
  0.3246079 200.9756 
  0.195393 201.9805 
  0.1260235 202.9904 
  0.2740104 204.0054 
  0.1711373 205.0254 
  -0.5151193 206.0505 
  0.6170613 207.0808 
  0.7275341 201.9805 
  0.8156797 194.0801 
  0.7754943 183.7191 
  0.8950893 175.6547 
  0.9240749 170.476 
  0.9626739 167.1087 
  0.9673769 164.6269 
  0.9276543 162.9929 
  0.8885393 162.182 
  0.8459871 163.8079 
  0.4042586 167.9442 
  0.2679468 173.046 
  0.09682094 178.3027 
  0.2010555 183.7191 
  0.5246707 188.3582 
  0.7825113 190.2465 
  0.9288296 190.2465 
  0.9451749 193.1145 
  0.9298662 198.9809 
  0.9616773 200.9756 
  0.9552087 200.9756 
  0.9629458 201.9805 
  0.978427 202.9904 
  0.9882533 204.0054 
  0.9863427 204.0054 
  0.9816939 206.0505 
  0.9893657 208.1162 
  0.9938586 210.2025 
  0.994804 210.2025 
  0.9952576 209.1568 
  0.9948761 208.1162 
  0.9907418 206.0505 
  0.9897635 202.9904 
  0.9913097 200.9756 
  0.9950302 198.9809 
  0.9956625 197.9909 
  0.9951944 197.9909 
  0.983017 197.9909 
  0.965357 199.9758 
  0.917226 200.9756 
  0.8803282 200.9756 
  0.8022633 199.9758 
  0.7183136 199.9758 
  0.5236664 199.9758 
  0.4745778 199.9758 
  0.6007568 199.9758 
  0.7812174 199.9758 
  0.8586949 199.9758 
  0.7981077 199.9758 
  0.5550483 199.9758 
  0.3030039 199.9758 
  0.3851973 198.9809 
  0.5079847 197.9909 
  0.7090827 195.0505 
  0.897125 191.1978 
  0.9364654 186.4887 
  0.9438562 183.7191 
  0.9249712 182.8051 
  0.9079803 184.6377 
  0.9818268 186.4887 
  0.9970593 187.4211 
  0.9964117 187.4211 
  0.9912508 188.3582 
  0.7364276 192.1537 
  0.6647524 187.4211 
  0.816603 183.7191 
  0.980542 183.7191 
  0.9875258 183.7191 
  0.9851141 184.6377 
  0.9708842 186.4887 
  0.9725119 186.4887 
  0.9848459 188.3582 
  0.9825969 188.3582 
  0.987925 188.3582 
  0.9877888 188.3582 
  0.9869436 189.3 
  0.9750502 189.3 
  0.9527939 188.3582 
  0.9348556 185.5609 
  0.9522532 185.5609 
  0.9760985 187.4211 
  0.978283 188.3582 
  0.9763787 188.3582 
  0.9828326 188.3582 
  0.9831296 188.3582 
  0.9864007 189.3 
  0.9941335 188.3582 
  0.9933434 188.3582 
  0.9931842 188.3582 
  0.9870782 187.4211 
  0.9794438 185.5609 
  0.9840372 184.6377 
  0.9909114 182.8051 
  0.9934647 182.8051 
  0.9813902 183.7191 
  0.9609959 184.6377 
  0.9404882 185.5609 
  0.8826278 187.4211 
  0.8787892 188.3582 
  0.6994319 189.3 
  0.6482173 191.1978 
  0.6440459 193.1145 
  0.5143564 195.0505 
  0.3500791 197.0059 
  0.3651667 198.9809 
  0.2393284 200.9756 
  0.08935226 202.9904 
  0.1876565 205.0254 
  0.2606903 207.0808 
  0.3420669 209.1568 
  0.3341671 211.2535 
  0.7639784 211.2535 
  0.8834789 210.2025 
  0.9933598 208.1162 
  0.9959411 207.0808 
  0.997718 206.0505 
  0.9980107 205.0254 
  0.9970803 205.0254 
  0.9940794 202.9904 
  0.9894903 200.9756 
  0.995693 198.9809 
  0.9972624 197.9909 
  0.9981613 197.0059 
  0.9986491 196.0257 
  0.9942961 195.0505 
  0.9923016 194.0801 
  0.990497 193.1145 
  0.9785214 192.1537 
  0.9713111 192.1537 
  0.9722134 191.1978 
  0.973944 190.2465 
  0.948706 189.3 
  0.9275165 188.3582 
  0.8934718 186.4887 
  0.7973903 188.3582 
  0.8160765 189.3 
  0.781038 191.1978 
  0.8642567 193.1145 
  0.7785014 195.0505 
  0.5389009 197.0059 
  0.3665066 198.9809 
  0.3198265 200.9756 
  0.2518889 202.9904 
  0.1243036 205.0254 
  0.2619998 207.0808 
  0.5516955 209.1568 
  0.6972799 205.0254 
  0.9252641 200.9756 
  0.9819739 197.9909 
  0.9816504 196.0257 
  0.964362 195.0505 
  0.9189047 194.0801 
  0.8795561 195.0505 
  0.9755298 197.0059 
  0.9937233 196.0257 
  0.9938051 195.0505 
  0.9656271 194.0801 
  0.9212657 193.1145 
  0.8017256 193.1145 
  0.3563682 195.0505 
  0.7930954 192.1537 
  0.8572216 189.3 
  0.9767203 188.3582 
  0.9782448 186.4887 
  0.9657966 186.4887 
  0.9642249 186.4887 
  0.955988 185.5609 
  0.966787 184.6377 
  0.9422988 183.7191 
  0.8854823 182.8051 
  0.8158344 180.9906 
  0.7015889 180.0902 
  0.9287306 180.9906 
  0.9692436 182.8051 
  0.9872653 184.6377 
  0.9939865 186.4887 
  0.9938878 186.4887 
  0.994913 187.4211 
  0.9904776 185.5609 
  0.9864333 184.6377 
  0.958105 181.8956 
  0.9195402 180.0902 
  0.7563543 179.1942 
  0.5047272 180.0902 
  0.6368372 180.9906 
  0.5433671 180.9906 
  0.5342268 180.9906 
  0.6378283 180.9906 
  0.830254 182.8051 
  0.9469098 181.8956 
  0.9654729 180.0902 
  0.973139 179.1942 
  0.97616 177.4156 
  0.9428238 176.533 
  0.8562744 174.7808 
  0.5799061 173.9112 
  0.8497781 173.9112 
  0.8652229 174.7808 
  0.5668624 175.6547 
  0.7816511 176.533 
  0.8579499 177.4156 
  0.946569 177.4156 
  0.9619485 180.0902 
  0.9579043 180.9906 
  0.9834659 182.8051 
  0.9822689 184.6377 
  0.9707773 187.4211 
  0.9822657 189.3 
  0.9753241 188.3582 
  0.9772851 185.5609 
  0.9825746 183.7191 
  0.9696785 183.7191 
  0.9492062 184.6377 
  0.9329684 186.4887 
  0.9081714 189.3 
  0.9022393 193.1145 
  0.8986136 197.0059 
  0.9290547 202.9904 
  0.9030215 207.0808 
  0.9160544 212.3098 
  0.9416829 215.5104 
  0.9759349 216.5879 
  0.9725484 216.5879 
  0.9633029 216.5879 
  0.964895 217.6709 
  0.9759781 217.6709 
  0.9779109 217.6709 
  0.9721995 217.6709 
  0.9522719 217.6709 
  0.9320141 218.7592 
  0.976766 220.9523 
  0.9788075 220.9523 
  0.9670502 218.7592 
  0.9307181 217.6709 
  0.8649862 217.6709 
  0.8003408 217.6709 
  0.9367521 217.6709 
  0.920446 217.6709 
  0.8250604 216.5879 
  0.6440667 215.5104 
  0.331673 214.4382 
  0.07457389 213.3714 
  -0.09717634 212.3098 
  0.03373887 211.2535 
  0.07018998 210.2025 
  -0.3796464 209.1568 
  0.6437898 208.1162 
  0.8500609 206.0505 
  0.9865837 204.0054 
  0.9695593 200.9756 
  0.936834 196.0257 
  0.8830894 191.1978 
  0.9167361 186.4887 
  0.9772563 184.6377 
  0.9613069 182.8051 
  0.9733458 180.9906 
  0.9835711 179.1942 
  0.9873044 178.3027 
  0.9871509 178.3027 
  0.987299 179.1942 
  0.9928162 180.0902 
  0.9968911 180.9906 
  0.9957325 181.8956 
  0.9961964 182.8051 
  0.9961215 183.7191 
  0.9955732 183.7191 
  0.9972844 184.6377 
  0.9964425 185.5609 
  0.9951156 185.5609 
  0.9924064 186.4887 
  0.953413 185.5609 
  0.9503559 185.5609 
  0.969448 185.5609 
  0.9514027 186.4887 
  0.8151998 185.5609 
  0.8429146 183.7191 
  0.9634264 181.8956 
  0.9883953 181.8956 
  0.9859738 180.9906 
  0.9902018 180.0902 
  0.9893824 179.1942 
  0.9774148 178.3027 
  0.9655889 176.533 
  0.9462175 173.9112 
  0.8756052 169.6279 
  0.8833655 165.4501 
  0.7098002 160.5723 
  0.6357232 156.6175 
  0.08274971 148.2564 
  0.06038487 134.1814 
  0.1322998 128.9329 
  0.4109954 127.6532 
  0.3669487 127.6532 
  0.2539259 125.7574 
  0.4214806 123.2734 
  -0.2401891 119.0438 
  -0.3063349 114.9594 
  0.1409766 111.0151 
  -0.01803533 107.2061 
  0.03156412 104.0455 
  -0.07280951 100.978 
  -0.1111287 98.00098 
  0.02880835 95.11173 
  -0.006358339 92.30766 
  0.08494858 87.8167 
  0.2050644 87.3798 
  0.0726616 87.3798 
  0.3329962 85.65383 
  0.5816222 85.65383 
  0.6721016 86.0821 
  0.6130467 85.65383 
  0.6960359 84.38177 
  0.8313298 82.71502 
  0.7632842 81.4866 
  0.5949205 80.27641 
  0.5802972 79.08421 
  0.5909774 78.69076 
  0.3973112 80.27641 
  0.3789502 81.08118 
  0.3093467 90.93677 
  0.3155118 90.93677 
  0.5821753 89.58624 
  0.4028038 89.58624 
  0.2829951 91.39146 
  0.7705793 94.1677 
  0.8011322 97.02828 
  0.344941 101.4829 
  -0.2271587 107.7421 
  -0.6627666 116.1118 
  -0.8320335 125.7574 
  -0.4426268 136.2042 
  -0.0576878 147.5188 
  -0.08247554 159.7734 
  0.0897129 173.046 
  0.5544236 198.9809 
  0.7855173 198.9809 
  0.9313422 197.0059 
  0.860808 194.0801 
  0.8730714 190.2465 
  0.9723882 190.2465 
  0.9653648 189.3 
  0.9725125 188.3582 
  0.9722134 188.3582 
  0.9726982 188.3582 
  0.9793462 188.3582 
  0.9797377 189.3 
  0.9755611 189.3 
  0.9201402 189.3 
  0.8306335 190.2465 
  0.8636519 194.0801 
  0.9940007 196.0257 
  0.9980015 197.0059 
  0.9581013 198.9809 
  0.9498693 198.9809 
  0.929793 197.0059 
  0.9673467 193.1145 
  0.9641367 193.1145 
  0.9767811 196.0257 
  0.977028 197.0059 
  0.9660447 197.0059 
  0.9373869 196.0257 
  0.8167377 195.0505 
  0.7483876 194.0801 
  0.728038 193.1145 
  0.6496405 192.1537 
  0.5904537 191.1978 
  0.6041408 189.3 
  0.474787 188.3582 
  0.05818059 187.4211 
  0.003187918 186.4887 
  -0.1197199 185.5609 
  -0.05834035 184.6377 
  -0.06124246 182.8051 
  0.605042 180.9906 
  0.7203129 183.7191 
  0.9101805 185.5609 
  0.8991166 187.4211 
  0.9657862 189.3 
  0.9613176 190.2465 
  0.8633902 191.1978 
  0.7357562 193.1145 
  0.2425837 196.0257 
  0.02433912 198.9809 
  0.09953661 200.9756 
  0.5513389 201.9805 
  0.8227791 197.0059 
  0.9106715 195.0505 
  0.9729379 192.1537 
  0.9859229 191.1978 
  0.8894883 192.1537 
  0.9148138 194.0801 
  0.8963295 194.0801 
  0.918545 194.0801 
  0.9229257 195.0505 
  0.9242864 194.0801 
  0.9447653 194.0801 
  0.9537411 195.0505 
  0.9660939 195.0505 
  0.9739999 195.0505 
  0.9680781 196.0257 
  0.9632375 196.0257 
  0.9707987 197.0059 
  0.9682368 196.0257 
  0.9590231 196.0257 
  0.9622656 195.0505 
  0.9537121 195.0505 
  0.9732535 194.0801 
  0.9865549 193.1145 
  0.9817469 192.1537 
  0.9744517 191.1978 
  0.9590201 190.2465 
  0.9218186 189.3 
  0.9136251 187.4211 
  0.9814423 187.4211 
  0.9766008 185.5609 
  0.9023455 181.8956 
  0.8101801 177.4156 
  0.7065571 173.9112 
  0.8623273 173.046 
  0.9801013 174.7808 
  0.9833376 173.9112 
  0.9808624 173.046 
  0.985099 173.046 
  0.976321 171.3284 
  0.9558539 171.3284 
  0.9284024 171.3284 
  0.810545 172.185 
  0.461168 176.533 
  0.5534044 180.9906 
  0.8098745 183.7191 
  0.8873956 183.7191 
  0.9401405 181.8956 
  0.9626186 181.8956 
  0.7498586 183.7191 
  0.8233311 185.5609 
  0.8797548 187.4211 
  0.8593702 191.1978 
  0.9079757 195.0505 
  0.909876 198.9809 
  0.9155553 201.9805 
  0.9322498 206.0505 
  0.968963 209.1568 
  0.9805393 211.2535 
  0.98695 212.3098 
  0.9887108 213.3714 
  0.9953089 214.4382 
  0.982908 213.3714 
  0.9263701 211.2535 
  0.9048439 207.0808 
  0.8563422 202.9904 
  0.8503093 197.9909 
  0.6400068 192.1537 
  0.5723917 183.7191 
  0.7409891 178.3027 
  0.6754252 173.9112 
  0.5202083 171.3284 
  0.143314 162.9929 
  0.1386888 166.2773 
  0.1174533 168.784 
  0.4027111 173.9112 
  -0.09719626 174.7808 
  -0.02204381 174.7808 
  0.07997268 174.7808 
  -0.1133549 173.9112 
  -0.03918093 173.046 
  -0.02720563 172.185 
  0.0001599629 171.3284 
  0.1381319 170.476 
  0.1969028 169.6279 
  0.09739257 168.784 
  -0.0654776 167.9442 
  0.1095155 167.1087 
  0.03801894 166.2773 
  -0.04846919 165.4501 
  -0.1921188 164.6269 
  -0.03729476 163.8079 
  -0.1176482 162.9929 
  -0.1099181 162.182 
  -0.05090033 161.3751 
  -0.05839519 160.5723 
  0.07615865 159.7734 
  0.09852048 159.7734 
  0.246071 159.7734 
  0.1804824 159.7734 
  0.07984259 159.7734 
  0.03612316 159.7734 
  -0.005092781 159.7734 
  0.06416123 159.7734 
  0.2018866 159.7734 
  0.1436813 159.7734 
  0.02973739 159.7734 
  -0.1758795 159.7734 
  -0.1120808 159.7734 
  -0.07246517 159.7734 
  0.07149228 159.7734 
  0.06938715 159.7734 
  0.08788793 159.7734 
  -0.1483797 159.7734 
  -0.1136214 159.7734 
  -0.1336994 159.7734 
  -0.221686 159.7734 
  -0.1795092 159.7734 
  0.1611297 159.7734 
  0.125354 159.7734 
  -0.01226209 159.7734 
  0.3469106 159.7734 
  0.1641376 159.7734 
  0.08249127 162.182 
  0.4427862 168.784 
  0.2402272 169.6279 
  0.2672161 178.3027 
  0.7671125 179.1942 
  0.74389 181.8956 
  0.8187321 182.8051 
  0.8051695 181.8956 
  0.6891719 177.4156 
  0.4621577 220.9523 
  0.3652062 284.9493 
  0.3236775 275.1726 
  0.3647111 271.0859 
  0.5217103 264.4093 
  0.08838596 249.0485 
  0.5183198 242.9146 
  0.4305527 240.5036 
  0.2620222 231.0963 
  0.1777072 222.057 
  0.6434316 204.0054 
  0.8183764 208.1162 
  0.7056676 214.4382 
  0.8784187 222.057 
  0.8954863 219.853 
  0.9024089 218.7592 
  0.9309351 225.4046 
  0.9616343 234.5801 
  0.9605497 241.7061 
  0.9673147 246.5766 
  0.9894088 251.5452 
  0.9941862 251.5452 
  0.9950889 251.5452 
  0.997004 250.2938 
  0.980156 249.0485 
  0.9086851 244.1292 
  0.9133637 231.0963 
  0.9666576 226.5316 
  0.9866589 222.057 
  0.98008 219.853 
  0.9522633 222.057 
  0.7121267 233.4131 
  0.9325132 241.7061 
  0.9320378 239.307 
  0.9280357 233.4131 
  0.9787232 228.8026 
  0.9784559 226.5316 
  0.9748675 224.2832 
  0.9834452 222.057 
  0.9372422 218.7592 
  0.8632515 214.4382 
  0.8755822 206.0505 
  0.9308078 209.1568 
  0.9769194 211.2535 
  0.9926013 211.2535 
  0.9897367 209.1568 
  0.9875453 207.0808 
  0.9919904 204.0054 
  0.9840603 205.0254 
  0.9796115 207.0808 
  0.9622651 209.1568 
  0.896105 211.2535 
  0.8964624 212.3098 
  0.9386282 211.2535 
  0.8967237 213.3714 
  0.8380569 218.7592 
  0.828735 224.2832 
  0.7700957 217.6709 
  0.7286335 207.0808 
  0.8879578 201.9805 
  0.9555928 199.9758 
  0.9691837 197.9909 
  0.9628963 197.9909 
  0.9547995 197.0059 
  0.9666448 196.0257 
  0.9522535 196.0257 
  0.9175575 196.0257 
  0.8634033 196.0257 
  0.914674 199.9758 
  0.9126382 200.9756 
  0.8635439 199.9758 
  0.6993128 199.9758 
  0.5839905 199.9758 
  0.5341872 199.9758 
  0.6308282 199.9758 
  0.7591615 199.9758 
  0.7605502 199.9758 
  0.4652968 199.9758 
  -0.08437882 199.9758 
  -0.07720108 199.9758 
  -0.09555034 199.9758 
  -0.02765756 199.9758 
  0.4610234 199.9758 
  0.5762365 197.9909 
  0.8609781 196.0257 
  0.6157311 196.0257 
  0.6426781 196.0257 
  0.2526581 196.0257 
  0.4792635 195.0505 
  0.04141848 194.0801 
  0.05897197 193.1145 
  0.2799997 192.1537 
  -0.2609046 191.1978 
  0.5103129 192.1537 
  0.6392362 188.3582 
  0.7842727 182.8051 
  0.8486124 178.3027 
  0.8034357 177.4156 
  0.9839144 178.3027 
  0.9327061 179.1942 
  0.828042 181.8956 
  0.3992628 187.4211 
  0.4597571 193.1145 
  0.2069941 199.9758 
  0.09987921 207.0808 
  0.1315437 214.4382 
  -0.05865836 222.057 
  -0.02650276 229.9466 
  0.08514935 238.1164 
  0.08647218 246.5766 
  0.06356443 255.3373 
  0.853388 264.4093 
  0.9432822 264.4093 
  0.9794212 265.7313 
  0.9975948 265.7313 
  0.9981586 267.06 
  0.9959996 268.3953 
  0.9914044 268.3953 
  0.9887951 269.7372 
  0.9914661 272.4414 
  0.9810442 269.7372 
  0.9358846 263.0938 
  0.9629881 251.5452 
  0.9932529 247.8095 
  0.9967027 247.8095 
  0.9954487 249.0485 
  0.9968821 250.2938 
  0.9902384 247.8095 
  0.9469945 238.1164 
  0.9333233 225.4046 
  0.9580215 215.5104 
  0.9701294 209.1568 
  0.9823962 205.0254 
  0.9904536 201.9805 
  0.9893417 198.9809 
  0.9828178 197.0059 
  0.9782109 194.0801 
  0.9758782 190.2465 
  0.9510633 186.4887 
  0.8698772 184.6377 
  0.628859 182.8051 
  0.6597499 180.9906 ]