sw2005A_utt_013  [
  9.717537 2.75969 4.975685 7.032598 8.206165 8.135984 6.797625 4.638624 6.460722 7.489983 7.553734 8.479174 9.103216 8.715347 7.552632 7.611026 8.72469 8.525354 7.979143 8.619337 7.41724 7.242963 7.436623 8.889921 9.070734 8.180396 8.51635 9.081563 9.744927 10.52132 10.41888 9.569339 10.20147 10.8499 11.02006 9.71674 9.791334 9.656839 10.25963 9.825491 11.10048 
  10.52996 5.161394 6.547523 7.24715 7.511409 6.536604 6.01977 6.4811 6.62349 7.180252 9.030674 8.82986 7.923637 7.938699 8.342852 8.294332 8.992397 8.234721 7.972021 8.320903 7.425376 6.697823 8.707429 10.09539 10.12422 9.516985 9.45942 9.162961 8.105695 9.88043 11.2569 10.39182 11.00359 11.58827 11.15289 9.016973 8.334733 9.422356 10.71686 10.68009 11.07286 
  13.82175 7.633065 10.09472 11.09854 10.96121 10.49881 10.6501 11.19173 11.37842 12.2704 11.91772 11.09553 10.70838 11.14107 10.66627 9.673676 9.265599 8.041033 8.557267 9.133798 9.211056 9.18984 9.56846 9.466294 10.28752 9.851448 9.778303 8.951424 9.049057 11.05907 11.82924 10.73436 11.5617 11.97579 11.35749 10.86297 9.664124 10.8009 11.7171 10.83166 10.79091 
  15.16936 8.896355 11.88785 13.37113 13.17844 12.02925 12.68578 13.05892 13.29381 14.58982 13.89183 14.60387 14.65291 13.02625 13.00188 12.18829 12.19584 11.01725 11.88904 10.96534 10.68297 10.48003 10.90536 11.14767 11.21244 10.47564 11.35331 11.17549 12.08052 13.6144 14.42936 13.06005 13.50721 13.90555 12.35844 10.86834 11.27533 11.39196 10.9592 11.54937 12.55373 
  15.87093 9.636865 12.54106 13.02425 12.18537 14.29189 15.10344 14.01264 13.40391 13.67571 15.23433 14.62873 13.80286 13.25364 13.93339 13.66505 13.05844 12.71755 13.05966 12.21848 12.03357 11.94041 12.58825 12.41418 12.5136 11.8827 12.17364 13.23732 13.67486 14.50129 15.63947 15.61022 15.28494 14.48742 13.93976 12.52501 12.01761 12.24204 11.96573 12.31885 12.75124 
  16.34614 9.276471 12.59345 13.37888 13.53776 15.28231 15.69919 14.16923 14.07555 14.16086 13.56179 14.78425 14.36401 14.0091 13.30399 13.65217 13.14308 13.74014 14.02699 14.03292 14.07332 14.31256 14.46 14.79056 14.57005 14.39637 14.69073 14.40744 14.09266 15.35001 16.56578 16.3321 15.61087 14.75553 15.62497 15.9667 15.77052 16.0405 16.23852 16.27713 16.4118 
  16.59461 9.964744 12.86081 13.1697 13.56112 15.77177 16.24096 14.18043 13.30339 12.80216 14.07565 14.70622 15.03724 14.98868 12.76225 12.48025 13.52839 13.25277 13.44219 11.90766 11.63955 11.82415 12.8615 13.5299 12.92697 12.14837 12.999 14.00181 14.11942 15.15655 15.61657 15.95289 15.63161 15.5225 14.87917 13.74905 12.58107 12.85723 13.13273 13.21009 13.69022 
  16.68373 10.05935 12.90556 13.20368 13.79522 15.86597 16.08262 13.64347 13.25436 13.02044 14.44665 13.92071 15.288 15.22438 13.46765 13.20803 13.93847 13.24545 13.12061 11.86562 11.74788 11.63353 12.32294 12.99612 12.9037 12.34637 11.96298 13.02931 13.88507 14.89786 15.14041 15.28559 15.38501 15.2437 13.82434 12.30593 12.69256 12.70039 12.03793 11.8452 12.65263 
  16.74996 10.27679 12.85049 13.20864 14.17254 16.06327 16.13976 13.76941 13.03911 12.65773 14.78604 14.62328 15.80585 15.1001 12.79859 13.42957 14.23752 12.96982 13.13089 13.0052 11.84579 12.07949 12.60638 13.10125 13.42559 12.22773 12.60991 12.19318 13.44487 14.78395 15.60107 14.43289 14.06207 13.50462 13.32244 13.00885 11.62454 11.88065 13.27527 13.11104 13.59921 
  16.81247 10.45747 12.72768 13.25152 14.2713 16.11738 16.11044 13.73715 13.21743 12.98385 14.94405 14.88003 16.43023 15.63918 13.17816 14.11607 14.71368 13.06175 12.68917 13.13541 11.93354 12.48639 12.77424 13.21009 13.55876 11.45373 12.37659 12.52017 13.95761 15.29306 15.01481 14.49226 14.75777 15.14552 13.64866 12.32449 11.01198 11.56653 11.76777 11.92427 12.85028 
  16.78863 10.59181 12.62298 13.24031 14.31265 16.09942 16.01443 13.45857 13.21162 13.1818 15.27276 15.21473 16.82376 16.02345 13.67289 14.39407 15.06089 13.43825 12.91708 13.1544 11.58195 12.14653 13.0018 13.67761 14.31531 12.09745 12.88928 13.69729 15.38819 15.76793 15.8287 14.39957 14.63907 14.66139 12.82503 12.33687 11.78882 12.03892 11.77179 12.88656 13.28463 
  16.83312 10.48734 12.65803 13.21473 14.26794 16.04216 15.90025 13.24428 13.20886 13.23288 15.36256 15.69793 17.33317 16.42874 14.2919 15.06066 15.56719 13.94515 13.56147 13.59992 11.7767 13.43248 13.49566 13.77641 14.21528 13.35791 14.69058 15.20738 16.1306 15.9573 15.24148 15.24073 15.44499 15.27558 12.68954 11.66534 11.6849 12.06336 12.87982 12.69079 12.86038 
  17.0788 10.35383 12.67597 13.12654 14.30724 16.02952 15.91306 13.28277 13.04407 13.53451 15.35354 16.0659 17.71432 16.79304 15.01723 15.8099 16.03309 14.67228 14.38382 14.326 12.38734 13.92654 14.16158 14.81667 15.20051 14.5216 15.79481 16.69774 17.28795 16.77955 15.13924 14.59507 15.27314 14.47983 12.81036 12.0571 12.78989 12.18988 12.15927 12.56617 12.83825 
  17.24456 10.42171 12.72521 12.89775 14.34121 15.99307 15.82876 13.12827 12.86663 13.6057 15.56509 16.19331 17.80029 16.94676 15.19949 16.10995 16.39462 15.19003 14.97657 14.94622 13.67334 14.87475 14.83324 15.95305 16.15853 15.0307 16.23176 18.27029 18.62168 16.1397 15.53693 14.86746 14.92014 13.89118 11.34653 12.10441 12.73765 12.30883 11.73151 11.36986 12.66736 
  17.23181 10.41206 12.71639 12.79995 14.44295 16.03172 15.86729 13.19527 12.6336 13.56956 15.42836 16.11902 17.58796 16.63927 15.92993 16.32879 16.53058 15.70672 15.20794 15.17599 14.29217 14.76402 14.94979 16.09779 16.74343 16.18483 17.76969 18.06916 18.48804 16.31359 15.99143 14.55352 14.07222 13.69325 12.04908 12.93792 11.91903 11.2042 11.78905 12.40703 13.08338 
  17.23893 10.35969 12.62618 12.61954 14.55515 16.03236 15.73734 13.00361 12.71786 13.88148 15.36242 16.11368 17.40744 16.49852 16.39673 16.3557 16.26723 15.76838 15.33701 15.09819 14.80513 14.72136 15.2907 16.57504 16.63141 17.2543 18.13498 18.67913 16.9074 15.89866 15.28283 15.01416 14.41217 13.22924 12.89586 12.47661 13.04595 13.32901 13.91656 13.03483 13.7225 
  17.25805 10.40318 12.53638 12.49673 14.59818 15.97766 15.62008 13.2379 13.0914 14.24543 15.36128 16.29474 17.26137 16.54162 16.46469 16.29653 16.09116 15.89723 15.28564 15.02051 14.77642 14.66001 15.63511 16.39771 17.02953 17.2213 18.58908 18.18757 16.32474 15.34122 15.08048 13.51172 12.9739 12.33994 12.71735 12.63468 12.04016 11.05383 11.80583 12.1621 12.7939 
  17.26978 10.40559 12.51632 12.60867 14.50569 15.92209 15.5446 13.37481 13.54822 14.03729 15.17871 16.37279 17.37901 16.70402 16.60271 16.14994 16.21522 16.1086 15.48236 15.21259 15.23941 15.06202 16.19279 17.15651 17.44393 18.09421 18.76093 18.10484 17.13519 16.11034 15.4362 14.05003 13.81498 13.28146 12.67598 12.87678 12.195 10.83864 11.60121 12.44274 12.48006 
  17.24856 10.27952 12.51395 12.7969 14.43913 15.94704 15.67331 13.42586 13.46576 13.69046 15.06474 16.35047 17.49567 16.68336 16.52156 16.06513 15.99867 15.67198 15.43645 15.3387 15.1904 15.15453 16.08106 17.11823 17.75233 18.11828 18.47054 17.38712 16.60823 15.64164 15.08081 13.89367 12.84663 12.92348 12.46342 12.87627 11.735 12.95283 11.70881 11.64107 12.84928 
  17.15344 10.16885 12.31218 12.64359 14.49804 15.97896 15.64463 13.01447 12.74018 14.14562 15.24915 16.28032 17.09384 15.86289 16.10878 16.03259 15.54274 15.56243 15.05519 14.71725 14.59704 14.52791 15.51511 17.0279 17.63518 18.15779 18.24249 16.91079 15.90394 14.82821 14.84888 13.1873 11.45174 10.89345 11.06181 11.85039 11.81278 12.24353 12.41347 12.71829 12.92596 
  16.57565 10.03598 12.09954 12.71612 14.30986 15.67221 15.42513 13.79992 12.90745 13.76266 14.56244 16.02825 16.54072 15.77775 14.77071 15.35739 15.10387 14.52938 14.67792 14.30389 13.85525 14.13612 15.46169 16.90074 17.69294 17.58399 17.05063 16.11086 14.97353 14.28406 13.77229 12.49916 11.32304 11.21517 11.6705 12.56791 12.0829 11.83971 12.66895 12.97265 13.40101 
  15.90699 9.759175 11.6194 12.09206 14.18824 15.14972 14.15054 12.19934 12.55269 13.20606 13.36591 14.07991 13.61725 12.38347 12.71913 13.70655 13.17406 12.8513 13.51787 13.08899 12.6542 12.70078 14.45328 15.49007 15.58499 15.52796 14.79493 14.16119 13.75228 14.3805 13.84012 12.9878 11.84492 11.28592 10.7781 11.2024 11.48711 11.45815 10.82406 11.84589 11.98135 
  15.70898 9.460055 11.43196 12.08395 13.83367 15.33169 15.01315 13.10725 13.26192 12.15672 13.22565 12.19721 13.15707 12.24207 11.34466 11.68922 11.64891 11.12582 12.45033 12.28665 11.71435 10.12909 10.90508 12.57218 12.46431 12.2764 13.02463 13.14849 13.46603 14.30006 14.02624 13.28876 12.81789 10.9716 11.2824 10.63081 11.31141 11.51216 11.12875 11.38772 12.3528 
  15.73001 9.319363 11.40743 12.03608 13.87849 15.38728 15.03299 13.0769 13.23075 11.85219 12.85298 12.39723 13.22085 11.7506 10.99746 12.03501 11.93008 11.26981 12.54141 12.37148 11.12503 10.10279 10.64075 12.5508 12.65521 12.83494 13.17837 12.55603 12.96561 13.38334 13.38365 13.26354 12.55127 10.93225 11.25833 11.97391 11.69483 11.90842 11.62367 11.17269 11.69881 
  15.69294 9.228103 11.46274 12.03108 13.83694 15.32075 14.9254 12.97608 13.30283 12.17951 13.1182 12.56343 13.32976 11.97088 10.68646 11.69291 11.34585 10.5934 11.75664 12.03003 10.01356 10.94147 11.86191 13.07174 13.02282 12.06707 12.99168 12.88208 12.7828 13.35388 13.20987 12.90379 12.46009 10.15545 10.18861 11.91601 11.20967 11.53286 11.31179 11.78229 12.93816 
  15.62002 9.364558 11.52176 11.89057 13.69397 15.18951 14.81647 12.93699 13.18505 12.53036 13.04956 12.50887 13.2133 11.51641 10.4528 11.54803 11.46549 10.9792 11.76446 10.9446 10.58464 10.57446 11.58899 12.5416 12.92844 12.58082 12.07414 12.19368 12.51744 12.69955 13.4528 13.35678 13.09998 10.70953 11.35941 11.18994 11.17707 11.2791 10.97518 11.56287 13.12125 
  15.52732 9.455363 11.5988 11.89131 13.60602 15.10288 14.77934 12.75742 13.04861 12.17415 13.00204 12.21489 12.81664 11.3515 10.40893 11.79201 11.56202 10.20563 11.19866 11.52861 10.57826 9.607446 9.632138 12.21464 12.85665 12.04945 11.31156 11.77814 11.88816 12.36154 12.46944 13.01808 13.17708 11.04203 10.57057 11.68235 11.07072 12.05777 11.85832 11.89516 12.92809 
  15.50079 9.348967 11.55204 11.64697 13.51024 15.00435 14.68158 12.77082 13.08563 12.19675 12.65506 11.52925 11.80972 10.36546 10.34296 11.51811 11.10815 10.47183 11.21411 10.49287 9.910237 9.583984 10.51365 11.77708 12.86468 12.81474 11.50264 10.59179 11.03847 12.38884 13.04924 12.79155 12.3503 9.901187 10.1482 11.33288 11.4648 11.81148 11.32135 11.65001 12.2468 
  15.41829 9.244363 11.53214 11.43745 13.30421 14.82915 14.53204 12.57122 13.00665 11.67722 12.15304 10.27691 10.72223 10.16384 10.24598 10.48078 10.41659 9.024487 10.37769 10.82549 10.34272 9.231709 9.460887 11.08881 12.41518 12.77899 10.40388 10.85437 9.719663 10.3631 12.43676 12.00964 11.12108 10.85371 9.97662 10.81526 10.54672 11.34715 11.28424 11.59259 11.92329 
  15.32898 9.256681 11.52863 11.58055 13.34724 14.81926 14.60404 12.80352 13.0447 11.70878 12.43259 11.44119 11.43874 10.05505 9.831596 10.87581 10.81765 9.823244 10.67026 10.63771 9.574601 9.500934 9.746304 10.93773 12.09717 12.24907 11.15048 11.0084 10.52594 10.07274 11.71762 12.17624 11.55738 8.790769 9.577356 10.95577 10.90007 9.897487 11.12365 11.21793 12.4719 
  15.2215 9.143563 11.40248 11.48314 13.10868 14.61677 14.40624 12.86664 13.21401 12.0551 12.32862 10.98357 10.9528 10.06721 10.00732 10.50448 10.57045 9.789924 9.592678 9.232554 9.403263 9.216558 8.44075 10.18962 11.89106 11.74738 10.97557 10.576 10.83445 9.479316 11.17567 11.63056 11.79492 11.02371 10.87843 10.60778 10.81531 11.19417 11.71127 11.9848 11.89024 
  14.85231 8.948745 11.12004 11.32633 12.85155 14.16372 13.8967 12.73426 12.8189 11.56155 11.48883 9.96297 10.31689 10.49701 10.23988 8.917069 9.491115 9.549135 10.00741 9.187106 9.637788 9.530005 8.852024 10.53924 11.46922 11.90939 9.845469 10.77982 10.59819 8.554943 10.07378 10.87831 11.45151 11.28258 10.96778 10.88046 10.6183 10.89582 11.16314 11.61762 12.62906 
  14.13937 8.750334 10.42893 11.18672 12.47108 13.13102 12.50799 12.36649 12.43142 11.75083 10.92869 9.830148 9.836625 10.56136 9.782091 9.033327 8.238379 8.390947 9.168609 9.203429 9.915865 8.487681 8.479584 8.922474 10.05434 10.55862 8.930686 8.442018 8.876637 9.575212 10.3967 10.62248 11.61871 11.11137 10.69181 10.73715 10.61703 10.44913 10.16651 10.94977 11.72367 
  13.07563 8.015013 9.288848 9.62153 10.04151 10.44752 10.12542 11.24335 10.95059 10.76093 10.73991 10.26993 10.25382 9.11413 8.383603 6.764116 7.698001 8.429693 7.880263 7.602619 8.28989 9.03756 8.434669 8.83765 9.376586 9.213671 10.56082 9.383178 9.126333 8.652129 9.685739 9.759679 9.508201 9.546742 9.610392 10.13532 10.70764 10.26157 10.38826 10.91307 10.60574 
  11.53366 6.571324 8.008779 7.809062 8.144239 9.615676 9.11405 7.285552 8.514735 10.10629 10.7559 9.9485 9.564755 8.794156 8.834325 8.401341 8.276649 10.34762 9.963642 8.454809 8.436328 7.834508 8.676777 9.18012 9.922442 10.16028 9.4045 9.543256 10.10234 9.787621 9.678238 9.678581 9.973839 8.408401 9.153589 9.967503 9.754596 9.986868 10.96648 10.89561 10.14933 
  13.69931 4.749219 4.527635 6.701474 8.311586 9.330003 9.514163 7.894736 8.20241 9.555018 9.06605 10.75029 10.15007 10.45382 10.24113 8.474871 8.441507 9.555071 10.59629 11.17266 11.50135 11.25081 10.93335 10.96865 10.77906 10.76478 11.73305 12.39401 12.34755 11.32735 11.12 11.32631 11.74871 11.37563 10.71404 10.4582 10.80279 10.49513 11.26312 11.64804 10.26857 
  14.37272 5.342849 6.958418 8.220439 8.926977 9.593366 10.47987 11.18604 13.00497 14.12354 15.0408 15.13867 14.55906 13.36079 12.83352 14.09467 14.76722 15.25598 15.27859 14.64905 14.62859 15.40741 15.02734 13.78946 13.82863 14.63031 16.60054 16.81211 15.80577 14.7664 13.92022 13.94419 15.58016 15.21606 12.52142 13.00366 13.05166 12.11123 11.80382 12.60428 11.54397 
  14.45842 4.955863 6.651544 8.123221 9.641336 10.00722 9.205564 11.30251 12.80583 12.70337 13.39526 13.44681 12.86952 12.41378 12.26567 12.15744 12.77942 13.41055 12.8446 12.37618 12.66712 13.42306 13.78752 13.04254 12.36708 15.47177 16.06594 14.38599 12.30711 11.99888 12.13295 12.34431 14.58825 13.382 12.40146 12.51513 11.33897 11.07047 11.93678 12.03939 11.5144 
  13.01489 5.326912 6.470136 6.536119 7.807529 7.348259 7.221483 7.625353 8.953144 10.22045 9.548241 10.63331 10.99581 10.33704 9.716428 11.45757 11.42908 11.16384 11.82542 11.63561 11.45526 11.65345 11.77541 10.84926 12.47967 15.95279 15.59076 14.27512 13.89292 13.54892 12.21122 13.34002 14.75868 12.62047 11.64777 12.47858 11.22692 11.01207 11.25043 11.29527 11.20142 
  15.54617 7.976801 9.488826 10.35625 11.43554 11.84778 11.74819 11.0429 12.71941 12.27538 11.47983 11.72668 12.16647 12.13341 13.28796 12.64899 12.68355 11.91033 11.83253 11.22177 10.93582 11.11609 12.47236 13.45826 14.1251 15.2958 15.07903 13.92366 12.89697 11.39699 11.76296 14.19892 15.48802 12.79474 11.02082 11.30306 10.626 10.8096 10.50974 11.23781 11.16952 
  16.85082 9.236851 12.17356 13.45373 12.60894 13.40073 14.0786 14.07862 15.39177 16.6542 17.11359 16.9859 16.48862 14.88252 15.39979 15.11019 15.15571 14.0004 13.71398 14.50268 14.17481 13.90268 15.1153 15.62615 16.42454 17.15075 17.00028 15.66166 14.95125 14.31937 13.14126 13.80617 14.69448 13.09621 12.47003 12.26897 11.00174 10.94439 12.42647 12.73325 12.30057 
  17.47437 9.834674 12.67713 13.26411 14.53787 15.87668 15.73716 14.34489 15.14326 16.82153 17.48201 16.53589 17.21065 16.10266 16.04773 15.09928 15.46302 16.03123 14.98856 14.80819 14.7707 14.82679 16.34639 17.33882 18.61228 18.40907 17.67598 16.78858 15.81489 14.92466 14.88612 15.14787 14.61456 13.15155 12.94065 12.18134 11.57196 12.61012 12.81231 12.46969 12.93555 
  17.61399 10.30527 12.58333 13.17579 14.25755 15.84809 15.70875 14.63378 14.81687 15.55512 17.12418 16.77714 17.88062 17.0234 16.20376 16.32308 16.65678 15.98399 15.69376 15.60766 15.14355 15.43977 16.58206 17.88963 19.2531 19.43461 18.13315 16.62377 14.85322 13.9771 14.96557 16.02043 15.55372 13.82785 12.71838 11.47404 12.17368 12.26407 11.99707 12.13179 13.08644 
  17.64149 10.62702 12.6363 13.11704 14.0982 15.6459 15.29875 14.01383 14.75317 15.27408 16.86655 16.98894 18.19776 17.3366 17.37687 16.88437 16.75845 16.83014 15.93828 15.79649 16.01418 16.04293 17.65132 18.56356 18.86322 18.70655 16.57923 16.35155 14.68801 14.19971 14.92843 15.15558 13.61306 12.76631 12.91982 12.45904 12.06634 11.46757 12.92359 13.20649 12.71951 
  17.60721 10.64517 12.66648 13.10622 14.07884 15.67492 15.39345 14.15471 14.69497 15.26499 16.76298 17.11518 18.35677 17.46641 17.25412 17.43647 17.32214 16.56285 16.41743 16.34192 16.32111 16.73992 18.09455 19.16381 19.23629 18.07477 16.42212 15.43108 14.52451 14.92047 15.18999 15.14268 14.04246 13.41938 12.92985 13.2754 12.60171 12.54006 12.88985 12.82894 13.01848 
  17.48799 10.48724 12.60519 12.96 14.08778 15.55713 15.08979 14.00468 14.30917 15.18544 16.34135 16.73245 17.83195 17.3891 17.80181 17.77285 17.64163 17.3292 16.67928 16.55404 16.58598 16.79265 18.20996 19.2502 18.59737 17.07502 16.13137 15.49371 15.16388 14.72411 14.93803 15.10388 14.12454 13.61169 12.35976 11.28624 12.42253 12.56799 12.86838 12.03955 13.60398 
  17.37961 10.45709 12.55968 12.9909 13.9577 15.47305 15.08825 13.74028 14.36323 14.50676 15.81711 16.60717 17.71407 17.26029 17.79512 18.1068 17.89217 17.21882 17.20158 16.94622 16.70538 16.96715 18.03576 18.88079 18.29039 16.96017 16.50052 15.47395 14.85614 14.24681 14.94384 14.96207 13.62327 12.81713 11.87352 12.25013 11.46668 10.89654 10.61446 10.75702 12.58892 
  17.65463 10.32168 12.42279 12.68663 14.17371 15.53342 15.07472 13.61315 13.97636 14.49758 15.48471 16.52502 17.43867 17.59389 18.02626 18.37351 18.04085 17.02917 17.02706 16.8567 16.80512 17.62114 18.44354 18.84101 18.1665 16.53669 15.79494 15.18819 14.47872 14.43531 14.82043 14.34668 13.48373 13.4426 13.00398 13.14392 12.68908 12.68986 12.60044 11.58965 12.56955 
  17.6921 10.42096 12.40765 12.49995 14.12253 15.43232 14.94022 13.75783 13.82184 14.24999 15.17056 16.55708 17.19118 17.79477 18.18118 18.77082 18.26862 17.3292 17.49915 16.86879 16.82448 17.76245 18.78618 18.78061 17.76388 15.91579 14.76227 14.57558 14.35608 14.67891 13.85205 13.1927 12.81146 13.01336 12.01044 11.98801 12.04452 12.20686 11.74407 12.99356 12.60906 
  17.63946 10.37746 12.30088 12.44341 14.07512 15.2858 14.6824 13.50835 13.83534 14.21954 14.74652 16.14954 16.60316 17.4687 17.75259 18.35211 17.57446 17.21052 17.43443 16.95983 17.04668 17.58167 18.59032 17.99665 16.82537 16.18579 15.39745 14.73358 14.67324 14.29978 14.0534 13.86518 13.43769 12.46986 12.65827 11.75031 11.40858 11.91785 11.54577 13.13716 13.95246 
  17.55663 10.46328 12.22661 12.34841 14.21646 15.29457 14.6831 13.61945 13.65323 14.4095 14.86221 16.09263 16.61576 17.64711 17.52591 18.12097 18.04539 17.82866 17.65371 17.44966 17.25527 17.84763 18.54617 18.28422 17.63044 16.31111 15.0231 14.0433 14.49422 14.07206 13.59296 13.09251 13.25108 13.20808 12.42633 11.91791 12.57748 11.75097 11.69005 12.38396 12.95339 
  17.57874 10.41585 12.17612 12.23437 14.03202 15.12989 14.49967 13.52926 13.55695 14.05449 14.41124 16.14607 16.58578 17.6204 17.68648 18.19862 17.72806 17.61685 17.84085 17.41218 17.74899 18.65393 19.15656 17.97776 17.02597 16.11443 15.10668 13.92445 14.35336 14.73504 14.61429 13.72998 12.90639 12.72161 12.58557 13.08328 12.10185 11.67965 11.77467 12.56586 12.53796 
  17.4796 10.30143 12.04011 11.97013 13.83465 14.92487 14.26452 13.3739 13.3745 13.83581 14.46406 15.94606 16.17522 17.49242 17.61747 18.00319 17.40675 17.49671 17.61599 16.92132 17.22723 18.15145 18.96764 17.58373 16.23595 15.1882 14.48036 14.79973 14.53171 13.64789 12.05772 10.90386 12.41926 12.76493 13.14568 12.34867 12.37818 12.924 13.39054 12.17132 12.70693 
  17.33024 10.22086 12.00677 12.0673 13.93647 14.96508 14.2743 13.27017 13.3915 13.77411 14.20331 15.50554 15.92414 17.04454 17.33014 18.03031 17.48151 17.38831 17.65046 16.86172 17.10319 18.19299 18.81614 17.64239 16.57543 15.46719 14.48125 14.87595 14.72064 14.12823 12.9619 11.55782 12.12595 12.86899 13.16472 12.83996 12.29153 12.76037 12.91806 13.11953 13.50883 
  17.26071 10.22031 12.0075 12.11144 13.99462 15.06558 14.55341 13.41353 13.20036 13.82837 14.29689 15.71941 16.0474 16.90296 17.0815 17.95551 17.54403 17.3829 17.69727 16.95127 17.02238 17.85369 18.45707 17.41966 16.64325 15.66464 14.58695 13.60445 13.16847 13.31201 13.24537 12.56426 12.48039 11.3601 10.94595 10.94011 10.74614 10.38076 11.11616 11.60337 12.31234 
  17.18111 10.15702 11.93439 12.01956 13.90522 14.93058 14.25651 13.22075 13.315 13.83608 14.26923 15.70878 16.09685 17.01803 17.07501 17.76359 17.43073 17.40017 17.70965 16.87345 16.91252 17.71525 18.27973 16.73664 16.00275 15.15198 14.51351 14.4534 14.46905 14.43235 13.18982 12.29913 11.94413 11.94041 10.99322 11.12675 11.03735 11.95896 12.08952 11.74865 11.44529 
  17.21133 10.10871 11.90834 12.00176 13.8416 14.89986 14.27349 13.16236 13.06875 13.58332 14.14519 15.45193 15.82705 16.93216 17.06526 17.68041 17.47538 17.54896 17.71485 16.61731 16.41743 17.37948 18.19548 16.87474 15.89439 14.5737 13.29492 13.46886 14.00869 13.9124 12.55268 11.95521 11.71596 11.79798 11.89555 12.43986 12.72882 12.29983 12.22304 11.52882 11.91742 
  17.19261 10.00748 11.81969 12.00636 13.93941 14.91576 14.24198 13.32417 13.32916 13.81588 14.14095 15.65294 15.93825 16.97252 17.20764 17.79489 17.68602 17.56874 17.89243 17.03279 17.32506 18.50487 18.66875 17.3445 16.02576 14.33148 13.47296 13.96875 14.57581 14.06245 13.00877 11.83445 12.1496 12.09501 12.19129 11.95783 11.4522 12.47742 13.22772 12.40308 12.42221 
  17.14988 9.906301 11.69152 12.0018 13.9187 14.8836 14.24595 13.27812 13.15608 13.86193 14.24779 15.73158 15.97806 16.93645 16.99465 17.48309 17.20328 17.43471 17.79279 16.74002 17.09116 17.90209 18.09608 16.92277 15.58266 14.70065 13.53663 13.65729 13.23645 13.02846 12.91497 11.45638 11.37422 11.93212 12.53466 12.36546 11.92587 12.58139 12.87735 11.62767 11.85465 
  16.99499 9.880185 11.58374 11.8631 13.72466 14.67856 14.02494 13.15341 12.93276 13.78808 14.16878 15.6849 15.82735 16.75283 16.86544 17.40195 17.23381 17.16902 17.4708 16.3087 16.06097 17.44611 17.92469 16.34491 15.66558 14.50667 14.17366 14.02136 14.27954 14.06578 12.60185 11.48693 11.62401 11.88077 12.58959 12.9069 12.96584 13.48773 13.66702 13.03303 13.30982 
  16.87767 9.749643 11.4473 11.72915 13.66271 14.56305 13.8424 13.15055 13.05639 13.71787 14.19791 15.67034 15.94209 16.72586 16.93023 17.4918 17.13289 17.14736 17.49359 15.95606 16.20187 17.85981 17.77726 16.51075 15.07769 14.06948 13.69642 13.52259 14.21104 14.01126 12.82211 12.3521 13.02428 13.06891 12.9681 12.74304 12.28571 12.72783 12.64564 12.65786 12.22103 
  16.58079 9.757295 11.38853 11.69316 13.697 14.54918 13.80112 13.01395 12.76247 13.57797 13.89925 15.57331 15.70293 16.57352 16.76524 17.19227 16.84717 17.04688 17.2259 15.89878 16.2224 17.85713 17.56505 16.09805 15.18899 14.34122 13.81212 12.89314 13.16433 13.49825 12.03776 10.64932 10.63255 11.51627 12.14867 12.23172 11.38736 12.37319 12.92479 12.48295 12.12922 
  16.35386 9.752304 11.48643 11.79062 13.55387 14.4037 13.63208 13.0225 12.73401 13.42929 13.80316 15.45291 15.65864 16.61095 16.50567 16.87775 16.43615 16.22505 16.39709 15.36135 15.7334 17.34296 17.08399 14.82149 14.65695 14.16087 13.9836 13.54621 13.62299 13.50889 12.4464 11.25288 12.09367 11.85286 11.44014 11.07163 11.85712 12.35441 11.81728 11.56378 12.46526 
  16.23079 9.664602 11.50108 11.75254 13.38216 14.32533 13.63254 12.84746 12.55281 13.42575 13.74731 15.21197 15.58999 16.6655 16.60242 16.91809 16.54249 16.39589 16.68139 15.54176 15.77568 16.69351 16.54931 14.88949 14.73419 13.66739 13.56947 13.73123 13.26606 13.04264 11.64666 11.10904 12.55558 12.32285 11.1963 11.41657 12.02264 12.51839 12.28038 12.72223 13.008 
  15.71238 9.550863 11.4635 11.73032 13.09475 14.0583 13.63064 13.01459 12.36791 13.17134 13.53708 14.98302 15.6197 16.36904 16.34035 16.50783 16.00254 15.76885 15.91626 15.21186 15.41567 15.50396 15.36941 13.87244 14.01326 13.8321 13.40281 13.41578 12.89818 12.54697 10.66523 10.45009 10.69028 10.85497 11.03741 11.63996 11.41513 10.95035 10.67766 11.84116 12.43387 
  14.81555 9.178718 10.75994 11.29216 13.03378 13.23469 12.00768 11.90661 12.17972 12.92301 13.43108 13.43245 13.78008 14.57291 14.84662 14.44067 13.84615 13.6796 13.20854 14.12071 14.52425 14.04513 12.89592 11.59321 13.1074 12.84652 12.48208 12.25297 12.46067 12.58977 10.85021 10.70337 10.72589 10.89502 10.34783 11.56447 10.44026 10.72838 10.93631 11.7072 11.84768 
  14.24197 8.638539 10.2722 10.73087 12.83159 13.45268 12.80059 12.39228 11.47948 11.3307 10.9817 11.75042 11.10409 9.342871 10.95565 11.40243 9.44183 10.34215 11.01549 10.59006 10.39737 9.366611 8.579805 10.58644 11.47589 11.77159 11.34548 10.60618 12.21397 12.01685 11.86372 10.75467 10.6594 10.95188 10.91436 11.7342 11.54735 10.40052 10.77496 11.6761 12.56547 
  14.36624 8.641222 10.35545 10.81659 12.92634 13.69618 12.91277 12.38583 12.00838 11.53129 11.39752 11.43734 10.85117 8.480426 10.39336 10.99424 10.11373 10.2652 11.21622 11.13064 9.976562 9.062448 10.28723 10.49457 10.96284 11.62828 11.36221 11.28504 11.31103 11.45512 11.11093 10.79481 11.15755 10.76957 10.82693 10.82929 10.89755 11.0189 10.28036 11.17508 11.83434 
  14.43225 8.643224 10.30565 10.77305 13.0516 13.8011 12.94558 12.14229 11.69195 11.85625 11.80109 11.0635 9.912274 8.56958 9.342112 9.856875 9.66871 9.805578 11.51365 11.81052 10.04457 9.877877 10.09813 10.62526 10.60071 11.16906 11.34685 11.26752 11.8028 11.54639 11.01785 11.26592 11.18039 10.57141 10.30074 11.02099 11.798 11.01903 10.48669 11.75937 11.82856 
  14.44461 8.630785 10.37581 10.87629 13.02995 13.83699 13.06956 12.21697 11.6655 11.74126 11.58317 9.43385 9.070732 9.396456 9.375957 9.955468 9.101827 9.402497 10.07406 11.14011 10.97621 10.47672 9.158719 11.22345 11.63324 11.35388 11.0812 10.94711 11.86089 11.70525 11.11102 11.56389 10.52693 10.10897 10.78232 10.98397 11.0744 11.16092 10.05054 11.0959 11.67032 
  14.44212 8.537178 10.24251 10.79863 13.08061 13.81486 12.94532 12.08399 11.60849 12.01371 11.66809 8.391263 9.026619 10.18044 9.893978 10.23853 9.187775 9.668714 10.52823 10.54756 9.478745 9.002379 9.639835 10.7282 11.38706 11.25812 10.59633 10.89828 12.0899 11.65831 11.14344 10.69691 9.5109 9.985345 10.55551 10.2844 10.7255 10.92834 10.40861 10.50048 11.07686 
  14.458 8.453763 10.23562 10.79623 13.08266 13.84359 12.94465 11.86812 11.45949 12.04453 11.77373 9.50347 8.968083 9.754923 9.862222 10.21175 8.303594 8.635929 10.3071 10.557 10.17282 11.10965 10.45666 10.72049 11.1509 11.33897 11.22051 10.67465 11.12625 11.17304 10.97255 10.59685 10.58517 10.86659 10.97506 11.6907 10.71992 11.0111 11.23296 11.95206 12.56166 
  14.45833 8.562408 10.27023 10.84128 13.1438 13.9109 12.99594 11.81394 11.43374 11.86347 11.6319 10.05214 9.780402 9.28934 9.48797 9.618042 7.932478 8.094454 8.650967 8.599042 8.409903 9.846964 10.71633 10.05817 11.33588 11.24024 10.96189 10.90905 11.11947 11.48147 11.29809 10.71054 10.73448 10.40853 10.97728 10.49895 10.103 11.44877 10.53563 11.4356 12.18764 
  14.46542 8.503017 10.36027 10.8513 13.02931 13.88968 13.05827 11.79322 11.32756 11.75679 11.1244 11.11512 10.39841 10.05005 9.68768 7.852377 7.156736 8.221258 9.313575 9.878176 9.185944 9.397824 10.10214 10.10525 10.21888 11.12118 11.01481 10.11561 10.92527 12.04541 10.94145 10.13721 9.914618 10.21009 10.25688 10.57399 10.14818 9.939775 9.790013 10.41909 11.40994 
  14.47629 8.403436 10.38674 10.86848 13.05958 13.91218 13.04882 11.77599 11.36179 11.51862 11.53189 10.73154 9.971833 8.860912 8.481613 9.445786 9.727513 8.398674 8.899865 10.14449 9.443418 9.324217 10.02715 9.423045 10.29816 10.98144 10.40205 9.886351 9.280429 10.80514 10.91107 10.688 10.75136 10.44151 10.77908 9.997581 11.35683 10.62091 10.81453 10.61558 10.78883 
  14.57988 8.645929 10.49025 10.95039 13.19506 14.04389 13.09947 11.64512 11.5407 11.35506 11.50621 9.908607 9.851868 9.111389 9.605252 10.48701 9.301184 8.959742 9.921837 8.266445 9.197231 9.036269 8.80922 9.222651 10.74076 11.44375 10.76884 9.419677 9.53081 10.84568 10.87478 10.62963 9.913093 9.88923 10.1996 10.20875 9.837082 9.983285 10.95604 11.25952 11.20051 
  14.5293 8.408703 10.21746 10.93785 13.31351 14.06506 13.26419 12.03884 11.18698 11.63568 11.03667 10.87339 9.750632 9.400685 9.658778 9.867112 9.961921 9.441916 9.746652 9.310235 8.708267 8.63317 8.108084 9.034706 10.5859 11.40003 10.44666 10.0791 10.08497 10.76381 10.92948 10.35145 10.61259 10.09831 11.05147 11.48839 10.0638 10.86612 11.71269 11.65227 12.33522 
  14.32094 8.521041 10.23017 10.77398 12.95103 13.69062 12.74574 11.70026 11.14027 11.62317 11.18996 10.39367 9.469602 9.019006 9.409854 10.08524 9.369121 8.892289 9.264493 9.751104 8.359634 8.941175 9.471782 10.26198 10.03442 10.7792 10.85379 10.3388 9.492552 10.41687 10.15376 10.37983 11.14002 10.33666 10.78911 11.18263 10.59796 11.42522 11.42205 10.21145 11.4904 
  14.09515 8.553107 10.36811 10.67476 12.67591 13.5054 12.71995 11.8047 11.16395 11.24834 10.70891 10.58217 9.786471 9.168023 9.400625 9.545547 9.741567 8.874596 9.029045 9.023066 7.569531 8.583115 10.08987 10.11252 9.298816 9.568046 10.35461 10.05494 9.408181 9.63594 9.439481 10.33606 11.20833 10.35595 10.31725 9.375473 9.979644 10.10742 10.02072 10.8423 11.28855 
  13.87626 8.556222 10.44922 10.7334 12.36514 13.24427 12.50858 11.65029 11.09065 11.1306 10.829 9.872759 9.382755 10.0479 9.192302 9.273438 7.979363 8.942517 9.580776 8.033624 7.860658 8.422877 8.881411 9.144666 10.1914 10.02836 9.618015 10.32626 10.25061 9.10929 10.22895 10.30418 10.63114 10.10141 9.684675 9.681917 9.637691 10.32275 10.14214 11.08369 11.22987 
  13.57398 8.441035 10.24461 10.44117 12.06782 12.89008 12.02321 11.15352 10.84266 10.91348 11.0725 8.595788 8.699934 10.01076 8.924893 8.425534 7.950501 8.356353 8.685114 8.176624 7.880808 7.788995 9.289814 8.749556 9.657061 10.81212 9.203351 9.444646 8.774318 8.677486 9.527106 10.30892 10.43546 10.58621 9.154724 9.986672 10.25908 10.55477 10.62181 11.18977 11.96224 
  13.2438 8.336585 10.16285 10.36596 11.48615 12.5038 11.7762 10.95702 10.71006 10.47028 10.17773 9.964323 9.719943 8.944302 8.313866 8.516792 8.89992 8.903598 8.852555 8.108725 8.334126 7.947621 7.28194 8.630074 9.525684 9.536333 6.843553 8.302296 9.648499 9.851337 9.315613 9.044631 9.443671 10.08388 10.25039 10.50808 10.30212 9.691027 9.604472 11.22645 12.39761 
  12.95408 8.313116 10.10975 10.16443 10.99234 12.03127 11.45252 11.4751 11.34827 10.24102 10.79501 9.835792 9.69973 8.778569 8.175282 6.951374 8.107292 8.755649 8.737438 7.710511 8.872479 8.744816 9.397577 8.375671 9.39804 9.151129 8.703922 8.671274 10.04033 10.27036 10.49147 10.42834 9.173776 10.04574 10.20788 10.56175 9.773921 9.987897 10.25789 9.600718 10.84413 
  12.71432 8.244316 10.10832 10.10549 10.56249 11.6199 11.03833 11.2883 11.14386 10.23229 10.13715 8.960559 8.708514 8.090991 7.763764 6.993072 8.488656 8.576481 9.250239 8.708497 8.681138 8.923079 8.414204 8.75817 10.01913 9.601543 9.769699 7.938259 8.768373 9.567491 9.550233 9.553599 9.569486 10.37908 10.82223 11.16951 11.22937 10.13614 10.32066 10.03548 11.09509 
  12.34631 8.361311 10.18912 10.20616 9.672679 10.94471 10.81997 10.98553 10.82614 9.589507 10.18631 7.944406 8.031454 8.21103 7.972559 6.289563 7.306745 7.862757 9.456214 8.573749 8.133233 8.456459 9.095739 9.223101 10.3418 9.870581 9.113766 9.852116 10.30877 9.996926 10.26251 10.34496 10.20647 10.36914 10.65771 10.5171 10.11946 10.52102 10.70592 10.8848 11.34809 
  12.00983 7.939816 9.95644 10.00434 8.178552 8.725083 9.496004 9.307038 9.521726 8.468219 9.085538 7.991843 8.236031 7.805529 7.832519 8.778266 8.14777 7.364136 7.845013 9.06839 9.384828 8.370222 8.420252 8.143846 10.70942 10.77012 10.08842 10.48038 11.23991 11.14302 10.3222 10.33972 10.49662 10.32812 10.12554 10.34382 10.31739 10.311 10.45489 10.72703 10.33912 
  11.55545 7.65081 9.623709 9.7242 7.761076 8.737772 9.26804 7.850472 7.852784 8.462791 8.10216 7.83755 8.350944 6.940517 4.159994 7.877254 9.231345 9.037519 8.072771 7.562914 8.267835 8.094229 8.274858 8.391129 8.734353 7.808489 8.374694 8.400737 9.787647 9.556167 10.47309 10.36651 10.63317 9.306043 10.47622 10.80759 10.35961 10.9474 10.63038 10.09902 10.8889 
  11.2738 6.849594 8.839414 8.815654 7.448359 9.215353 9.795033 8.843605 8.106665 8.092383 8.144767 7.906629 7.703339 7.037126 8.355143 8.0162 6.65108 7.772964 9.021856 9.720607 8.477552 10.04305 9.775794 8.191526 9.780871 9.074262 9.372256 8.318371 8.549039 9.35233 9.70755 9.742551 10.50278 10.32347 11.06476 10.3994 9.95784 10.43957 11.0515 9.729175 11.24353 
  10.47893 6.098662 7.601866 7.792468 7.05951 7.911405 8.247675 7.273435 7.29166 7.072576 7.769371 7.208889 7.90204 8.427601 7.95253 7.443471 8.64231 8.429814 7.854587 8.7255 8.364668 9.110998 8.754732 8.0823 9.467051 8.584962 9.422391 9.91006 9.88531 9.935033 9.84114 10.00281 10.11281 10.22385 11.14616 10.94503 10.57762 10.37331 10.98944 10.90501 10.76126 
  9.708009 5.108014 5.582754 4.440689 4.272878 6.387794 8.410526 7.685924 8.114258 7.178547 8.138618 8.07236 9.092885 8.282284 6.818395 7.475514 7.588281 8.190681 8.18496 8.180728 7.937394 7.886976 8.241859 8.919624 10.18482 9.678584 9.784129 9.799059 10.23177 9.426857 8.858349 10.23497 9.097809 10.50621 10.53328 10.03461 10.86485 10.91284 10.59281 11.06105 10.84072 
  9.688378 3.025962 3.180325 4.675764 5.403347 6.034084 7.61331 9.165205 9.109149 7.517407 8.326074 8.367251 8.862574 8.457444 6.959134 6.773168 7.559291 8.462155 8.606482 7.18752 6.820294 7.640184 7.91924 8.90066 9.612641 11.26768 9.769223 9.695584 10.10421 10.17242 10.20613 10.62373 10.39909 11.01544 10.57344 10.6072 10.22814 11.04173 10.79826 10.23315 11.01737 
  9.846834 3.757754 3.627077 6.55904 7.932473 8.100642 7.265503 7.787668 8.441105 8.530007 8.404391 8.204622 8.340776 7.60404 8.323297 8.378884 7.9356 7.516293 8.372141 7.660703 7.511067 7.127131 7.35757 9.346537 9.921659 11.18562 10.75463 9.87343 9.721376 9.21999 10.2222 10.96103 9.648318 10.53356 10.78687 10.74969 10.99258 10.28109 10.19651 10.49297 10.68474 
  9.93463 1.957676 4.803402 5.16015 6.841447 7.712012 7.153135 8.167721 9.051879 9.660786 9.270477 8.376743 8.818346 8.356762 7.35954 8.229432 8.701912 7.72865 7.663969 9.026119 8.904411 8.558731 8.322032 8.680728 9.733817 10.51725 9.782315 9.36604 9.96227 8.708116 9.429076 9.619128 9.871325 10.56814 11.16937 9.390924 10.24075 10.74732 10.31576 10.56381 11.01491 
  9.817486 0.2269258 3.12962 6.526454 7.04393 6.035378 7.684419 8.294069 7.012764 8.318207 9.711338 9.026864 7.614724 7.812966 7.651009 7.729463 9.162326 8.739195 7.91153 8.643265 9.409743 10.3611 9.061776 8.925586 10.34865 10.81494 10.95296 10.99092 10.13163 9.207082 9.659741 9.97161 10.2899 10.8421 10.57873 9.710052 10.43504 10.04179 10.42686 11.38493 11.1399 
  9.698241 2.538285 4.025356 5.743086 7.408259 7.132179 6.936876 7.681973 7.456396 6.93369 7.104697 7.718162 8.26837 8.116708 6.903422 7.078689 8.211357 8.520456 7.952933 8.211371 9.00992 8.910611 9.72581 9.591215 9.307688 8.629547 10.11383 11.19386 9.711011 9.02683 9.583647 9.721386 9.677181 10.57034 10.87907 10.15639 10.34957 10.07253 10.21149 10.84366 10.27504 
  9.486423 1.054987 4.050906 5.973486 7.151475 7.070278 5.73415 5.835236 7.700709 8.147317 8.572482 8.803429 7.592667 6.625935 6.714383 5.882212 5.877364 7.900336 9.461514 10.00457 9.244529 8.657378 8.515124 9.256076 9.698558 9.233673 10.52682 10.88775 9.925098 10.15545 10.52686 9.676923 9.056008 10.95004 11.23962 10.66012 10.38067 10.63483 10.89805 10.66531 10.99241 
  9.629748 2.173791 4.104505 6.157781 7.500487 7.777779 6.827652 5.957284 8.006346 7.701209 6.457776 7.745224 8.45065 8.550986 7.672527 8.113659 7.484286 8.286364 8.790002 8.434141 9.245709 9.12827 10.06734 9.822647 9.038175 9.932148 10.88709 11.09779 11.17902 9.294821 9.896065 9.065034 9.664352 10.41893 11.68738 10.88144 10.41275 11.25908 10.78588 10.80452 10.67446 
  9.722157 0.8156595 4.174975 5.46751 7.186048 6.701343 5.505393 6.354532 5.953844 6.987693 7.361783 7.790135 7.546861 6.496524 7.239428 8.461577 8.287224 9.340243 9.371098 8.347455 9.066542 9.177712 8.822489 8.944294 10.04627 10.06017 10.33694 11.51249 10.80945 9.961273 9.371133 10.97808 9.716182 9.847889 10.24895 9.931251 10.32522 10.42611 10.65794 10.78369 11.08692 
  9.653184 3.252565 5.228747 6.966358 7.36869 6.955094 6.710782 6.086554 6.76583 8.087129 7.770347 8.128035 7.658618 7.971015 8.099493 8.581905 8.677866 9.243268 9.613859 9.547225 8.831309 9.092285 8.719449 9.954581 10.88729 11.29702 9.809317 11.01351 10.55526 9.915096 8.944367 9.35328 9.556321 10.86999 11.15983 9.833073 10.17587 10.76018 10.67617 10.82696 11.51673 
  9.724492 3.6317 4.560159 4.943639 5.551306 6.196081 7.517616 6.998299 5.797981 7.064441 6.987381 7.809364 8.664407 9.04606 9.38178 8.531286 9.295938 9.149067 10.0115 10.02646 9.428382 8.796267 9.744933 9.324989 9.099944 9.848538 9.982845 9.849316 9.940084 10.0278 10.17169 9.637607 10.56587 10.28205 10.90213 10.64989 10.6035 10.72131 10.86166 11.38189 11.57887 
  9.871301 2.181207 3.485779 5.059135 6.16196 5.921358 7.351972 8.004025 7.21411 7.446056 7.841545 8.97233 9.028419 9.690694 8.627286 7.827667 7.911217 6.822916 9.325701 9.103078 8.614623 8.178022 9.465746 10.28359 10.24681 10.25003 9.456067 9.291645 10.28318 9.311425 10.07455 10.13913 9.902241 9.557474 9.756855 9.896528 10.86907 10.10849 9.790778 11.75927 11.03534 
  9.759077 3.817166 4.551354 6.487429 6.903016 5.974268 5.766279 6.918072 7.491528 7.835847 7.520782 8.422005 8.613442 9.612067 9.603837 8.76938 8.734797 8.663796 8.262015 7.926266 8.535767 9.122304 8.834588 8.878105 9.420399 9.608077 9.641428 10.61648 10.06588 10.01075 10.53346 10.48186 9.884306 10.15936 11.18017 10.68246 10.60967 11.12467 10.42303 11.32602 11.01801 
  9.833601 4.102087 4.789028 6.79293 7.789755 7.334329 7.867848 8.159192 7.30387 5.763496 6.092795 7.171407 7.692271 5.693101 6.468496 8.438905 9.189584 9.133353 8.056741 8.444694 9.045774 9.771123 9.544407 9.134138 9.429868 9.649119 8.265055 10.17793 10.43485 9.991006 10.26123 10.36172 10.25242 10.07741 10.49951 9.71019 10.31821 11.13017 10.04635 10.6809 9.325038 
  9.891344 4.252798 3.013692 5.320948 7.581161 8.374701 8.006927 6.781394 6.845394 6.878222 5.681323 6.28112 7.66125 7.114201 8.014556 8.235024 8.09905 6.80789 6.804718 7.706274 8.886085 9.183015 10.22326 9.196595 10.35469 9.642757 7.334561 10.36606 10.82146 9.255881 9.0432 9.813669 10.35999 10.40351 9.82894 9.85047 9.885551 10.57315 9.39188 10.52505 10.99995 
  9.732141 2.122297 4.47497 5.307595 7.079322 7.303339 7.172273 6.106416 6.562624 7.05042 7.613258 7.602988 8.40709 8.758373 7.578804 7.208244 8.310619 9.198153 8.188009 9.750285 9.84946 9.098193 8.950626 8.831524 10.19161 10.82041 9.480684 10.24546 10.642 10.48643 10.01867 10.55499 9.725912 10.62957 11.10286 10.22848 10.96927 10.63934 10.56235 10.24611 11.21895 
  9.43602 3.445401 3.799536 5.800257 6.533306 6.549855 6.494723 7.021938 6.497 7.144335 8.076203 7.746051 7.292473 8.385717 8.183415 7.034354 8.290285 8.915093 8.392297 8.337606 8.231151 9.028296 9.317007 8.822997 9.59182 9.862428 9.707233 10.26208 10.90635 10.41576 9.515849 9.916986 9.491525 10.55131 11.17557 10.04592 11.52383 10.45854 10.60275 10.83615 10.73316 
  9.279654 2.781718 4.420108 5.266466 5.903552 5.639467 6.338173 7.35088 6.896398 5.928187 7.854298 8.22196 7.081038 7.537041 8.338753 8.054322 8.908121 9.303075 9.267553 8.638865 8.022385 9.116495 9.03674 7.936083 9.250374 10.31209 9.458688 9.029737 9.677861 8.982106 9.113585 8.819718 7.952118 10.09097 11.19423 9.074188 9.995916 10.14071 10.89124 11.11002 10.69583 
  9.319762 2.344824 3.31173 4.137366 5.941317 6.733873 7.57945 6.508323 6.741768 6.774695 6.647345 6.926755 8.247919 7.941801 7.9551 8.219589 8.747139 8.688304 9.876322 9.176201 8.886065 8.02807 8.376534 8.293434 8.597035 10.49401 10.26746 9.566613 8.943462 9.73175 9.434681 9.939422 9.519961 10.205 10.8682 9.674163 10.42083 9.699499 9.997393 10.65244 10.51624 
  9.407384 1.05876 3.690138 6.402505 7.436832 7.754267 8.029833 7.567375 6.176896 6.18776 6.458808 7.951056 8.158823 8.885741 8.216012 7.749491 7.493177 6.816011 8.02564 8.225994 9.236673 7.646669 8.876519 9.678498 9.501742 8.438324 9.608207 9.387551 9.434884 9.328465 10.23145 10.61266 9.359313 10.16374 10.81781 9.887868 9.751532 10.76529 9.492742 10.4906 10.0506 
  9.530938 2.34139 3.2377 5.701033 7.594772 7.500004 6.700282 6.550385 7.399776 6.243714 8.056833 8.348364 7.439675 7.111656 6.840569 7.247567 8.566343 7.903033 7.164153 9.272311 10.0706 8.789152 10.09384 10.11071 9.574132 9.509724 9.850482 9.97938 9.614257 9.733202 9.914722 9.630975 9.491702 10.29852 11.226 10.17899 10.66055 9.949155 9.890567 10.43489 10.56708 
  9.382671 3.49455 4.565144 6.206312 7.460855 7.355083 6.260719 5.417504 6.800067 6.253364 6.972254 6.642939 7.393677 6.887378 6.42989 7.104117 7.902708 7.256983 7.603218 8.616003 9.318398 9.552964 9.136102 10.40706 9.93952 8.852145 7.883046 9.318679 9.009314 9.575814 9.239408 9.957697 9.476623 10.23038 10.82198 10.33254 11.04125 10.48127 10.23442 11.08171 11.30879 
  9.298622 2.75929 4.464572 6.381935 7.316839 6.950266 6.19661 6.518822 6.47071 6.279583 7.705767 7.241843 6.957745 7.036003 7.58356 8.500178 7.43114 8.02197 9.003533 8.379875 8.276046 8.707737 9.238033 9.693732 10.43611 9.41516 9.321864 10.12039 9.389869 9.1716 9.665745 10.02085 9.361886 10.08254 10.36215 10.65459 9.934316 10.28225 9.561996 9.985982 10.63148 
  9.353392 1.396285 4.261886 5.010841 7.100971 7.695907 7.57868 6.590002 7.500845 7.402709 7.381259 6.870343 7.322324 7.195263 7.453349 8.344427 8.419116 7.450307 6.893201 8.104395 8.706182 6.543062 7.88828 9.962625 10.33167 9.888927 9.330595 9.142917 9.348074 9.156265 8.584764 8.967873 9.091274 10.06479 9.504106 10.69081 10.9554 10.71402 10.59259 10.60102 10.03971 
  9.336569 2.71634 3.784472 6.05505 7.005249 6.44212 7.449751 7.204382 6.754292 6.899539 6.539997 6.641011 7.141405 7.887227 7.931499 7.971464 7.8147 7.823141 8.668044 8.675412 8.280448 8.412859 7.836613 9.769794 10.79 10.0568 9.203033 10.63798 9.710858 9.198684 9.993874 10.10584 10.41582 9.502176 9.837593 10.03892 10.17155 10.59529 10.8354 10.47078 11.17588 
  9.552655 2.616161 3.022708 5.580167 7.265726 7.285516 7.659677 7.950237 7.286321 6.613396 6.535704 7.953976 7.190911 6.824295 6.498685 6.511296 7.74953 9.124911 9.28908 8.500039 8.896269 10.329 9.037269 7.996911 9.0567 9.375041 8.790184 9.649322 10.13262 9.057383 9.979964 9.908679 10.50963 10.60128 11.39415 9.904697 9.938443 11.09824 10.81117 11.20014 10.46123 
  9.54171 1.956657 4.056906 6.492907 7.817359 7.734707 8.134576 8.280606 6.963766 5.242187 7.083749 7.806561 6.788713 8.156761 7.942688 7.319951 7.725038 8.510944 7.537824 8.003982 8.910849 8.578115 9.361408 9.267111 10.1812 10.12923 9.299762 8.859067 9.059781 8.759015 10.52898 9.519187 8.761334 10.53797 11.24965 9.704613 10.30937 11.39918 10.78257 10.0061 10.2609 
  9.489514 1.890502 3.853838 6.001144 6.932899 6.748219 7.737957 5.851408 6.551744 6.906232 7.592423 8.616076 7.790578 8.242812 7.415311 6.672362 7.430145 7.540613 7.501497 7.214637 8.064532 9.090575 10.36402 10.12458 9.729769 9.467527 10.3195 10.10054 8.402752 9.225492 9.532719 9.781639 9.034392 8.869867 10.17867 9.826123 10.7793 10.16549 10.67525 10.6168 10.72759 
  9.569942 2.025064 4.402543 5.538205 7.625435 7.954752 7.264491 7.046107 6.537634 6.81748 7.934686 7.7424 7.765174 8.303626 7.154275 7.584123 7.680621 6.363224 6.23939 6.009822 8.122439 8.661451 8.780615 9.17584 8.967224 9.602362 8.900661 9.17135 8.557766 8.889581 10.5478 11.09969 9.433141 9.697343 10.42747 10.83834 10.15416 10.3397 10.74907 10.51074 10.58033 
  9.579665 2.021791 3.050619 6.641773 8.319384 8.729096 8.1307 6.328596 6.483259 7.528223 7.246795 6.701037 6.760468 6.426167 6.407755 7.430127 6.837614 7.389105 7.897919 6.745669 7.076252 7.952482 8.574716 9.151017 9.721501 9.30431 9.638748 9.46169 10.11882 10.41052 10.15913 9.969651 9.232636 10.4825 10.5943 10.96482 10.44602 10.29681 10.42328 11.36142 11.1932 
  14.43088 4.244332 5.76476 7.444702 8.613137 8.379436 8.627604 7.842788 8.67574 8.44486 9.365644 8.584649 7.975663 8.392438 8.680541 9.21316 10.28081 11.66407 11.88414 12.18425 12.65963 12.98374 13.27509 13.65977 13.76259 13.75223 13.32559 12.98047 12.41182 11.78323 10.70031 10.23774 9.599337 11.10325 11.35718 9.070405 9.860497 10.43187 10.27172 10.4627 10.52146 
  14.51634 4.067658 7.666791 10.35487 11.58628 12.0988 12.24056 11.55131 10.41171 8.579747 10.59197 11.0379 11.67317 13.01663 13.45963 13.43357 14.54114 15.64988 15.60829 14.08461 15.87068 16.93827 16.96885 16.44214 17.2166 17.23091 16.10283 16.72652 16.14935 14.39354 15.03314 14.86847 15.49033 15.90835 15.80183 15.21072 15.16624 14.98175 14.25209 13.41651 11.58015 
  14.52043 5.041416 6.754798 9.376629 10.02953 9.087773 9.97434 9.23735 7.328041 7.916666 9.405208 8.74921 9.99079 11.51667 11.64484 11.7233 12.49468 13.24324 13.66587 14.19498 13.40196 13.57964 14.01234 13.7763 13.66715 13.92647 14.28934 14.68165 14.06527 12.49123 12.87119 12.94148 13.20756 13.99099 13.92421 12.98818 13.10624 13.0119 12.33423 11.82033 11.20583 
  11.33261 1.127783 5.632271 7.560167 7.165812 6.849279 8.032252 7.527715 7.455943 8.384947 6.899523 6.437085 6.268802 6.659091 7.384469 7.934508 9.249976 10.77648 11.442 13.31747 12.60891 9.71069 10.90097 10.67022 11.03976 11.25951 10.43753 11.35708 10.24105 10.18556 10.01972 10.30737 10.54277 10.52479 10.63637 10.5756 10.84999 10.24638 10.05687 11.4484 11.4988 
  11.55114 2.861045 6.449275 9.253966 9.85106 9.077842 9.500177 9.931023 9.005953 9.207126 8.704748 7.484042 7.418816 7.917399 9.179516 8.364661 7.670805 7.921203 10.101 10.51759 10.60845 9.429033 9.511506 8.854575 9.569705 11.01052 9.735425 9.280133 8.976768 9.963297 10.05243 9.89106 10.82847 10.40895 10.24622 9.719452 10.90963 9.735088 10.10831 10.65151 11.11486 
  11.87651 1.332909 6.791649 9.953894 11.08346 11.24258 10.36524 9.202801 9.650916 8.193542 7.205277 8.397255 9.158126 9.895316 9.643535 10.02582 10.09787 10.74909 10.54992 9.721061 9.77315 10.40532 10.0186 9.621824 10.37564 10.39461 9.000048 9.264068 9.264528 9.176551 8.662806 8.888618 10.53982 10.62409 10.31392 9.894401 10.25446 11.49755 10.23006 10.9581 11.88629 
  11.62101 4.53512 5.615341 7.495159 8.110693 8.781435 10.11602 10.39609 9.208816 6.465944 8.01028 8.946256 8.673076 9.26032 10.12802 10.39461 12.40554 12.84265 11.25322 9.269017 10.22532 10.47791 11.18102 11.04734 10.21084 9.747151 9.411715 10.35874 9.269803 8.857311 9.050902 10.53259 10.88847 10.00407 10.74362 10.44219 10.73725 9.419086 9.639504 11.48226 11.75435 
  10.46619 2.179567 3.696298 5.294153 6.72644 7.138734 7.744044 8.094546 7.75297 7.137906 6.06782 7.851425 7.693422 8.264395 7.753942 8.607513 9.813514 11.18469 10.95241 11.61841 11.49727 9.776781 9.456702 9.168795 8.486288 9.774575 9.952018 9.327411 8.874421 9.44368 10.12776 10.2954 9.979315 10.13144 11.08909 10.02994 10.80219 9.501486 9.831186 9.985236 9.65055 
  9.62069 3.287647 4.700345 5.293888 7.258857 7.736768 7.411462 6.966358 6.186652 6.776648 6.177266 7.327907 7.621816 6.532319 7.179674 7.222671 8.757525 9.744967 9.451859 9.838521 10.35614 9.423694 8.685488 9.065595 8.918027 8.792135 9.394255 9.066253 8.196803 8.552855 8.908847 9.379011 9.952338 10.38774 10.33919 9.370967 9.975026 10.05582 10.30546 10.25313 9.929535 
  9.16971 1.956308 4.984586 6.83598 7.225901 6.714019 6.818563 6.93939 6.03055 5.827871 5.533967 6.980196 6.701883 6.130329 7.590757 8.58855 8.266795 8.381293 9.159113 8.755378 8.169923 8.547682 9.547289 9.630783 8.574729 9.393193 9.849018 9.143124 10.37152 9.901791 8.905253 8.905604 8.81292 10.60332 10.64936 10.137 10.87748 10.86826 11.4188 11.39714 10.04698 
  9.096867 3.063225 4.2279 4.300948 4.467952 5.356269 5.487188 4.290921 4.859076 6.388354 7.534119 7.254219 6.023756 6.852906 6.956684 7.154503 8.006523 7.470683 8.379992 6.224909 6.737465 7.389951 9.08587 9.337531 8.86716 9.175878 9.962635 9.389225 9.292326 9.537386 9.123296 9.394788 9.4141 10.51992 10.87845 10.06562 10.67109 10.15652 11.09373 11.45733 11.068 
  9.355616 2.560427 3.050109 3.910598 5.999596 7.016149 6.747128 5.914338 6.561639 5.644918 5.872701 6.370107 7.959274 7.700743 5.372608 7.737587 9.156201 8.182334 9.034117 9.941884 10.52349 11.14404 11.18643 11.32639 11.09985 9.45833 9.487312 9.432233 8.768228 8.575373 9.807135 10.13998 10.14431 9.451632 9.91622 9.730073 9.982284 10.9039 11.22389 11.23091 11.27447 
  9.38565 -0.2900496 3.098341 5.127138 5.019108 4.602192 5.719863 5.700893 5.124122 5.316938 5.037621 5.634405 8.189363 8.016697 7.902957 8.126149 7.123986 7.795907 7.645357 8.416111 9.524141 10.1456 11.14922 10.8189 10.23335 8.703416 8.658289 9.601718 8.873999 9.083704 10.04298 9.57371 9.412312 9.293699 9.728241 9.890659 9.997335 10.86486 10.76102 10.29831 11.02181 
  8.938676 4.467585 5.306362 5.513479 5.539448 5.953033 5.46788 4.464306 3.939949 6.204738 7.894948 7.672745 7.017043 7.832167 7.81845 7.201822 8.418053 7.883985 7.364477 8.160581 9.085522 8.227862 8.273744 8.182143 8.488777 8.670914 8.755379 9.368731 9.289981 10.02681 9.504745 8.958783 9.674781 9.91499 10.20729 10.40649 10.41525 10.73126 10.31691 9.885272 10.22575 
  9.002166 2.76116 3.352795 3.937299 5.2528 5.839759 4.787872 3.132113 3.282299 5.295492 7.144188 6.899976 6.817849 7.097638 8.079821 7.200406 7.104148 7.670532 8.973342 8.016823 7.409014 8.397267 9.678864 9.522381 10.19329 10.28642 10.77242 9.936482 8.955301 10.34097 9.534842 9.380672 10.0076 10.56391 11.00268 10.42044 10.74438 10.6264 11.53771 11.18265 11.0784 
  9.02877 0.8376542 4.441828 6.005553 6.265815 5.623294 4.024343 4.866634 5.54184 5.621446 6.743202 7.54571 6.977041 5.741563 7.37004 8.073231 8.186455 7.32042 7.070745 6.086384 7.275625 8.138697 8.312827 9.528499 9.809657 8.504955 8.316166 8.570094 8.778844 9.17642 9.657671 10.35727 10.35039 10.22352 10.98538 10.26568 11.19178 10.04958 10.27637 10.86061 11.07068 
  8.989956 1.921536 5.144572 6.106097 5.753944 4.443512 4.496282 5.939135 6.312855 6.573865 7.19536 7.530209 6.466861 6.807657 7.725609 7.7361 6.807183 7.863211 7.662141 7.269105 7.798162 7.104784 9.040788 10.18907 8.572365 9.129466 8.467002 9.40191 8.734595 9.403178 9.938626 8.804904 9.459287 10.65067 11.43691 10.67515 11.06564 10.01002 11.42997 10.90084 10.86569 
  8.940324 1.994153 4.547055 6.022145 6.702837 7.006522 6.60459 5.530661 4.926567 4.688554 5.18514 6.088955 6.861441 7.12609 5.531606 5.95724 7.213972 8.232539 8.642742 7.198421 7.406578 8.243462 8.685836 9.574848 8.231364 8.940242 9.01263 9.987783 9.491934 8.702097 9.829099 10.06578 9.482507 11.04765 11.33675 10.02665 8.824238 8.832612 10.24557 11.28009 10.62692 
  8.957924 2.344718 4.12132 4.657126 5.674253 6.359555 6.035743 4.664433 5.274855 5.764951 5.105542 6.330938 7.290393 5.9211 5.224498 7.490443 8.503734 7.732349 7.15746 7.860722 8.373465 8.35441 8.885864 8.499911 7.565487 7.814662 9.126893 9.526944 8.820825 9.339984 10.00911 9.932908 9.248224 9.115093 10.1051 9.049292 8.516764 10.40172 10.76845 11.45259 11.51202 
  11.9171 4.258904 5.283302 5.531711 6.333018 7.196832 7.07392 7.809239 7.988943 8.23231 8.927108 7.74224 8.230793 8.230609 8.209363 8.413255 8.504026 8.754678 8.066261 8.015153 8.532766 8.777841 9.125075 9.841831 9.823459 10.66813 11.13563 10.99141 10.07139 9.697034 9.608619 10.17796 10.12719 9.322016 9.375525 9.970687 10.56568 10.02126 10.65439 10.20125 10.76495 
  12.36691 4.732104 7.336732 9.205592 9.593155 9.413003 10.85067 11.95647 12.24469 12.10586 12.281 11.67746 11.17097 10.79664 10.22187 10.27064 10.6556 10.22944 9.053241 9.847319 10.50312 9.581092 10.54706 11.4548 11.99643 13.82707 14.90511 14.26529 12.50561 11.25612 11.38728 11.10321 11.35519 10.36922 10.86882 9.537343 10.63188 10.79052 10.74179 10.95169 10.90588 
  12.74944 4.95693 8.549012 10.6682 10.95712 10.14014 10.54168 11.26442 11.60892 11.55242 10.59308 8.617151 9.757028 9.361383 8.216475 8.484158 8.273916 7.751688 7.874081 7.584757 8.923724 8.764562 8.340289 8.849955 8.409642 11.25996 12.35854 11.65532 10.10722 9.473848 10.13426 10.03317 10.48447 9.974597 9.859631 9.038358 10.05852 10.2089 10.99331 11.64862 11.81705 
  12.13855 6.070457 7.577878 8.344317 10.2369 10.91976 10.95707 9.405258 10.44087 11.19655 10.9156 8.538779 8.824395 9.069199 9.663168 10.23508 8.881778 8.026406 7.502333 8.433444 9.58739 10.97902 9.11692 10.20348 11.12937 11.73621 12.88982 13.13639 11.41738 11.98045 10.96984 10.47005 10.98458 10.45185 10.33246 10.84417 11.21098 11.25174 12.29882 11.13444 11.53934 
  11.56803 3.672023 6.698713 7.786792 6.612282 6.403584 8.685533 9.00537 8.839067 8.936968 10.15877 9.54422 9.258732 9.881507 9.59529 7.995739 9.172626 9.987279 10.25049 9.176807 10.95562 11.39384 10.71828 10.40406 11.79359 11.85882 12.44958 12.77753 12.75401 13.07646 11.64082 11.97258 12.00575 11.58295 11.57296 11.4967 11.24494 11.90419 13.2352 13.65626 12.49962 
  11.87639 2.680413 5.172142 6.487334 6.065843 7.518222 8.675968 10.02413 10.67859 10.15745 9.683955 8.825014 8.351486 9.514331 9.536162 9.541686 9.152561 10.2656 10.54909 10.03245 10.17669 10.91043 12.46025 12.02363 12.55686 14.16407 14.02031 13.60089 12.52716 12.71723 12.43805 12.58352 12.84255 13.19919 12.41608 12.4402 12.60522 13.03403 14.30375 15.02062 13.79043 
  12.14568 1.620966 4.878043 5.636796 7.754977 8.199981 8.491229 9.830037 9.993074 7.913256 7.557277 7.21649 8.057767 8.916584 10.14865 9.93749 10.05632 8.358066 10.07917 9.594228 9.993105 11.14522 11.57231 11.2527 13.33386 14.07153 14.70544 13.93127 13.66595 12.98665 12.09105 11.53377 12.30748 12.72838 12.49849 12.7615 12.70494 14.55455 14.31178 14.67997 13.75973 
  12.04768 4.380126 6.026143 7.212019 7.701877 7.977026 8.44999 8.894907 9.251365 10.15222 10.80866 9.870668 8.857381 9.863717 10.11024 10.36314 10.8374 11.25586 11.53054 11.50693 11.82845 11.3849 11.43788 12.44895 12.77085 13.42623 12.85246 13.89221 14.24303 12.87892 12.59821 12.41833 12.39065 12.70111 11.54418 12.32728 12.29959 13.87529 14.81235 15.30804 13.69689 
  12.13553 3.635655 6.566959 7.759937 7.954654 7.797867 7.512001 8.325416 9.014793 8.615977 10.13353 9.047586 9.711358 9.009681 9.736922 10.15876 10.99417 11.13066 10.35123 11.36634 12.79669 12.00686 11.08694 11.41328 12.73588 13.17941 12.68144 14.23894 13.22877 13.69617 12.99066 13.00151 11.99735 12.68329 12.98415 12.29265 12.35201 12.93146 13.03623 15.40035 14.26457 
  12.48908 3.39305 6.411798 7.155906 8.689618 8.921836 9.208856 8.827121 9.308685 9.609694 10.03505 10.9049 10.94707 10.6896 10.0326 10.65641 11.66986 11.63167 11.42296 11.01686 11.42292 11.52033 11.94395 11.82728 12.85458 13.25238 13.99301 13.51812 12.29454 13.25385 13.13936 12.67481 13.60519 12.84709 12.83782 12.90599 13.72842 14.39221 15.10136 15.68309 13.75109 
  12.78896 4.548031 7.431832 8.703633 8.401359 9.58278 10.6207 9.848579 10.26412 11.17734 10.91404 9.134485 9.118815 11.38004 12.12657 12.03672 11.22021 10.91544 11.5522 11.9072 11.41423 12.72716 13.76773 13.67255 13.56168 13.43735 14.49152 15.27381 14.16566 14.35611 14.18035 14.08283 13.14021 13.44767 13.60256 13.52356 14.32439 13.87407 15.06562 14.78697 13.84875 
  13.18864 5.630851 6.474638 7.396824 7.506565 9.091244 8.948223 9.850317 11.23502 10.09836 9.714891 10.23767 11.27003 11.65414 10.78611 11.99926 10.86469 9.9438 10.98328 12.10728 11.84026 11.97785 12.50197 13.66241 13.46428 13.33696 14.64156 15.37887 15.11527 13.94997 13.54528 13.95525 13.81089 13.5188 13.23382 13.6061 13.70887 14.8032 15.20822 15.241 14.11111 
  13.51375 4.874699 7.636012 8.98719 8.338312 9.053087 9.034557 9.69162 10.00878 10.15921 11.66653 12.046 11.85047 11.72755 9.966268 10.48292 9.456812 10.6988 11.14767 12.52269 12.37611 12.40737 12.88911 12.83675 13.4882 14.18223 14.79608 15.84736 15.91476 15.81731 15.38157 14.51843 14.12783 14.73449 14.13854 13.71116 13.74819 15.00709 15.60821 16.03789 14.05499 
  14.00937 4.33782 8.158101 10.35344 10.14395 9.172726 10.21322 10.35187 10.61382 9.546663 9.861539 10.70415 10.22196 10.40579 11.2883 10.47476 9.781208 11.35688 12.46968 12.33402 13.55521 13.66805 15.07372 15.41854 15.14225 13.89539 14.68188 16.64118 16.63426 14.47901 13.85164 14.81571 15.16947 14.21668 13.65869 13.62999 14.22658 14.54813 16.55531 16.65418 12.90035 
  14.21488 6.158206 8.575341 10.28955 10.1951 9.514088 9.59976 9.673686 10.64286 12.42999 12.92107 11.52523 10.97674 10.3548 11.09258 11.57379 11.51645 12.31157 11.40449 12.5011 12.86354 14.15458 14.73358 13.89867 15.23804 14.5595 16.12015 17.1323 16.6081 15.49523 15.12534 15.3158 14.43949 15.63062 14.3776 13.05514 13.82302 14.45818 16.5021 15.91578 13.56888 
  14.03023 7.182099 8.581354 10.22025 10.83574 10.21724 9.55493 8.825032 11.20313 11.33061 12.03207 11.80279 11.72418 11.88693 10.54121 10.99445 12.20033 12.64029 12.41684 12.89344 13.92592 13.28898 12.98232 14.56789 14.97987 15.0953 15.91895 15.78675 16.50452 15.40172 13.96052 14.7264 14.93129 17.01653 15.22328 13.64455 13.61498 14.18271 16.05441 16.68619 14.53394 
  13.62015 6.699515 8.640491 10.16829 10.51669 10.35685 10.56195 9.881493 10.61921 11.52244 10.60585 9.569745 11.24637 11.31513 9.050809 10.8469 12.0106 12.7209 11.93454 13.07548 13.21191 12.44139 13.73016 13.16554 12.46148 14.20245 14.63847 15.5948 15.93711 14.21959 14.32821 13.78425 14.98864 15.37995 14.81471 13.31789 12.65518 12.06737 14.04179 14.97558 13.26943 
  13.18397 4.386374 6.045995 5.380976 6.042799 8.563233 9.672677 10.87042 11.84479 11.62713 9.955988 10.11782 11.36588 10.62801 9.618498 11.21551 11.65645 11.68834 12.33829 13.1728 12.58214 12.46106 13.02005 14.11467 13.41221 13.84198 14.77675 16.05073 15.60069 13.26291 13.23415 15.02045 15.50468 15.69252 13.77989 12.14035 12.05494 12.04813 13.97352 14.26552 13.04552 
  12.77745 5.73802 5.086234 7.655313 8.983674 9.076594 10.15891 10.40087 10.75457 10.99811 9.051975 10.21115 11.10039 10.586 9.772893 10.12986 11.35518 11.43684 12.08332 12.28369 11.48837 11.97202 12.581 13.31801 13.67857 14.26523 14.55527 14.64177 14.37649 14.42315 13.17179 14.11473 14.41298 14.16574 12.9477 12.41921 12.1898 11.37686 12.61768 13.33967 11.6307 
  16.12178 7.850818 10.52453 12.39829 12.93413 13.11074 11.96474 10.88079 13.01723 12.80006 11.60321 11.11903 10.84683 10.27084 10.01167 10.8945 10.80404 10.99348 10.90422 11.18075 11.12811 11.37631 10.92665 11.93383 11.77201 13.53999 13.34869 14.48982 14.19937 14.33215 13.47236 13.40489 13.57457 13.92789 13.06435 11.96443 11.70182 12.27102 11.87721 11.52065 12.17069 
  17.35565 9.049818 12.6065 14.63825 14.76344 14.5693 16.76816 17.11133 16.44254 15.88585 15.81411 13.51334 12.55604 12.56942 12.53946 12.98251 12.12925 12.33101 12.50458 12.69776 12.95412 12.57498 12.58432 13.22405 13.73162 14.86537 15.50815 16.35563 17.09137 17.45829 16.61657 15.77522 15.57973 16.06386 15.73563 14.21824 13.35071 13.55653 12.95194 13.48135 13.25957 
  18.07392 6.476049 13.30446 14.93742 14.2662 14.8698 17.85629 18.00536 16.30794 16.72026 16.61643 13.06095 13.64952 12.65127 13.64052 12.818 11.89678 11.46682 12.78019 12.37638 12.78353 12.54982 12.95954 13.88451 14.10187 14.68394 15.38485 16.23541 17.05661 17.92295 17.11456 16.02723 16.0587 16.1593 15.81425 14.76257 13.17401 13.316 13.24977 13.38053 13.5437 
  18.06259 7.693151 13.15061 15.00036 14.33854 14.7718 17.8494 17.88104 16.16004 17.02551 16.86905 13.43283 13.9232 12.72073 13.72573 12.73312 12.30161 12.25721 13.22463 11.76947 12.28355 12.69104 13.3593 13.88856 13.96956 14.89562 15.58598 16.22912 16.97548 18.01923 17.63066 15.99153 15.64232 16.18285 16.09922 14.46287 13.76676 14.27024 14.04271 14.43706 14.78974 
  17.79884 6.737968 13.2354 14.94898 14.26103 14.65765 17.44932 17.26608 15.46898 17.15437 16.93494 13.44359 13.6341 12.27257 13.38756 12.50678 12.48036 12.11843 13.15964 12.10182 12.6093 12.63656 13.0021 13.56971 13.47954 14.51294 14.85518 15.22545 15.87347 16.76114 17.40464 16.0122 15.30356 15.5706 15.57682 13.99314 12.83197 12.85639 13.45414 13.78048 13.58231 
  17.39112 8.007295 13.30936 14.79233 14.16536 14.48671 16.56213 16.31029 15.89108 17.15088 16.66421 12.76488 12.60085 11.92943 12.57864 11.7681 12.11461 12.02593 12.89239 12.2094 11.93124 11.65649 11.36516 11.78549 12.93019 13.52223 13.93371 14.65533 15.44333 16.13661 16.40529 14.58419 13.63526 14.5117 14.98944 13.41286 11.70171 11.80014 11.44798 12.59539 13.39247 
  16.53503 9.303324 13.29706 14.52038 13.27824 13.29523 14.51603 13.24896 15.48574 16.60992 15.55182 12.95104 12.30958 12.70189 12.14877 11.70721 11.97795 11.7798 11.00447 10.95447 11.03637 10.7973 11.19076 10.94738 11.49577 11.84548 12.85202 13.53484 13.79409 15.25279 15.37518 14.12193 13.98537 14.16786 14.13733 12.47782 10.92339 11.66056 10.81493 12.08393 12.09161 
  16.11676 9.082367 13.36272 14.55214 13.51614 12.85056 13.55678 12.10033 14.26841 15.44875 14.35336 13.19004 12.87952 13.32076 13.1271 11.78867 11.6515 11.52426 10.42989 11.31957 10.70542 10.61292 12.44684 12.05028 12.17615 13.58644 12.79915 12.83627 13.38697 15.42394 14.86694 14.61529 13.89054 13.50103 13.03081 12.24942 11.76986 10.65802 11.35344 11.92087 11.72476 
  16.12732 9.320939 13.40304 14.55862 13.22306 12.69484 14.18982 13.15531 13.34242 14.34908 14.33545 14.37255 14.28602 14.24528 14.5875 11.91661 12.43962 12.16972 11.09347 12.00571 11.92958 12.2855 12.379 13.005 12.85265 12.71999 12.86298 13.55947 14.67263 14.55983 14.89776 14.44079 14.92459 14.72758 13.21743 12.09896 12.02521 11.44399 10.9041 11.74766 12.46646 
  16.23996 8.731236 13.4444 14.75468 13.82919 12.64842 14.42691 13.96823 12.19033 12.84272 14.31693 15.37647 14.92852 15.08809 15.78618 13.59886 11.75241 11.71372 11.06568 10.80439 11.3896 11.83669 12.67539 12.6802 12.44988 12.03273 13.92947 15.47105 16.15433 15.75808 15.49531 14.11512 14.8906 15.04031 13.03333 12.14372 12.65115 12.45045 11.45416 12.28352 12.90586 
  16.36313 8.457855 13.50599 14.99281 14.1605 11.21846 13.20347 13.21991 12.29071 14.10144 13.8619 15.16205 15.52263 15.45778 15.92107 14.30453 14.79138 14.10923 14.02798 12.02371 12.48254 12.65156 13.30011 13.29422 13.87755 12.44734 13.93304 15.76553 15.82757 14.78454 14.10299 15.29211 16.56645 15.93043 14.22858 13.02992 12.1879 12.32591 11.09722 11.73456 11.77343 
  16.78256 7.764491 13.5248 15.17182 14.56199 12.25146 12.89771 13.57295 13.18383 14.59386 14.34726 15.41094 16.31799 15.20897 14.68192 14.97725 16.05092 14.92182 15.18219 13.4526 14.03408 13.7723 13.911 13.95772 14.41695 14.42441 16.50989 17.26047 17.36805 15.5855 15.51025 15.3405 15.68076 15.28086 13.95528 12.24263 11.09309 12.51248 12.21695 12.20201 12.58044 
  17.23018 6.819863 13.47626 15.11314 14.30886 12.47209 14.97221 14.94461 13.99076 15.76276 15.76285 16.27015 17.49257 16.40861 16.2717 15.51576 15.89573 14.72476 15.04462 13.72848 13.86113 12.75246 12.34874 14.88179 16.05698 15.60711 17.04605 17.84054 16.3884 14.71149 14.58912 15.41086 15.60321 14.51783 14.36007 13.3161 12.11349 12.25583 13.2769 13.13535 13.44398 
  17.46976 8.210876 13.41586 15.02017 14.23681 13.53199 15.95858 15.71356 14.56321 16.3648 16.12432 16.6855 17.71116 17.17312 17.98935 16.39572 15.54702 15.12735 15.9757 15.18144 15.10976 15.12789 14.22153 14.83077 15.79264 17.52794 18.09003 17.57294 14.72949 13.94972 13.90684 14.92761 14.36201 13.24905 12.67379 12.94024 12.86177 12.71281 12.81143 12.86949 12.77327 
  17.84426 7.79433 13.27213 14.72967 13.95922 14.06423 16.29272 15.91912 15.28786 16.82128 16.3053 17.53332 18.11123 17.67976 18.68219 16.84396 15.93648 15.47754 16.0827 15.33344 15.41643 16.35002 15.85494 16.15787 16.0159 16.64569 17.11693 16.60917 14.96111 13.00607 13.413 14.1464 14.36648 11.96181 12.64436 13.13074 13.00217 13.21914 12.94197 12.90244 12.76941 
  18.0503 8.059058 13.15651 14.59801 13.77439 14.15472 16.32814 15.80456 15.62288 17.00997 16.3916 18.06968 18.3025 18.15756 18.85992 16.74122 16.21695 15.63447 16.16333 14.91673 15.40363 16.56215 16.18801 16.77936 17.43443 18.20559 17.39244 16.59288 14.66803 15.07729 15.26972 15.87621 15.00653 13.04196 12.30056 12.90075 12.76949 12.18122 12.93011 13.15381 13.31258 
  17.94387 8.115609 13.06563 14.54411 13.51073 14.1101 16.31885 15.72302 15.85738 17.16717 16.63353 18.33499 18.25734 18.02321 18.61609 16.45609 16.21961 15.7758 16.21053 15.2954 15.21811 16.45516 16.44971 16.72184 17.51303 18.74006 17.46943 16.80161 15.22189 13.99005 14.32275 14.7759 14.36004 12.29527 12.56827 12.42338 12.15886 12.6099 13.61524 13.67162 12.83679 
  17.69591 8.032937 12.94719 14.35432 13.50863 14.09898 16.02537 15.34793 16.08514 16.97492 16.47307 18.19522 17.5592 17.28423 17.71085 15.47354 15.09746 15.17846 15.24851 14.98409 15.03403 15.82037 16.56449 16.43422 16.77403 17.77096 16.40844 15.42124 14.51309 13.64435 14.95989 14.97042 13.44802 12.02396 12.45232 12.66101 12.48336 13.27456 12.7875 12.51007 12.40281 
  17.51053 7.928392 12.85227 14.06658 13.01172 13.85837 15.56956 14.7963 15.75696 16.73505 16.15152 17.56798 17.08584 15.98246 16.33027 14.56909 13.86409 14.19933 13.83322 15.00495 14.53818 14.77922 16.14902 16.99225 16.9853 16.7483 15.56536 14.3032 13.36694 13.61685 14.86532 14.46028 12.59063 11.69379 11.7012 11.96773 12.00411 12.43585 11.90245 12.20165 12.31951 
  17.07938 8.047833 12.94528 14.4843 13.60631 13.00295 15.50696 15.16992 15.0311 16.66521 16.24155 16.94675 17.60367 16.12729 16.41502 14.98655 14.7203 14.05291 14.69277 14.94082 15.26103 14.58749 14.96147 16.68736 18.00554 16.30575 14.90112 14.24443 14.02195 15.09285 15.03988 13.52006 13.15731 12.09489 12.02958 12.1247 10.91094 12.17207 11.77966 12.68391 12.52782 
  16.985 7.910625 13.15692 14.73496 14.00055 13.22984 15.24185 14.8097 14.90351 16.29832 15.69819 16.89301 17.2839 16.09771 16.63133 15.64035 15.29132 14.37966 15.0158 14.99205 15.06756 14.4594 15.20467 16.84414 17.83234 16.29394 15.8922 15.67046 14.53376 14.72129 14.22884 12.98727 13.1265 12.02496 12.70547 12.70487 11.94142 11.68303 11.99651 12.51459 12.80035 
  16.62553 8.247224 13.05735 14.56431 13.79848 12.83073 13.89056 13.15561 14.07213 14.84776 14.73925 15.98537 15.58038 15.46057 15.22819 15.06786 15.44405 14.61154 14.98588 13.16351 14.69738 15.21226 17.10985 17.09319 16.85568 15.22026 13.78624 13.78578 14.26926 12.69814 12.30163 11.3586 10.72775 10.9054 12.2379 12.16283 10.97831 11.183 10.98279 11.87313 12.29211 
  15.3212 9.184102 12.38532 13.7087 13.25478 12.23182 11.97536 10.8302 10.92585 12.06675 13.69581 13.95317 13.19053 14.32549 14.0792 13.6279 13.56793 13.06583 13.31729 13.01729 13.1832 14.17142 15.79717 15.17722 12.99459 13.5113 13.30092 12.36702 12.67846 12.65074 11.33918 11.43511 10.90804 10.84323 12.09009 11.38022 10.61709 10.93918 11.32758 10.4205 11.83875 
  14.02924 8.317573 10.16432 10.95255 10.45622 9.386065 11.53144 12.00837 11.25352 10.23146 12.38914 13.00481 12.71083 12.33857 11.465 11.08521 11.73978 13.16706 13.80827 13.29686 12.88795 12.79285 13.522 14.88593 14.06402 13.30972 15.00122 15.12069 14.38533 12.71425 13.12702 13.08525 12.65858 12.2868 12.22806 11.69977 11.53104 10.55411 11.4838 11.13302 11.18412 
  13.61404 5.949736 6.589803 5.417579 6.895313 9.092929 9.693808 7.653987 9.793712 10.0611 11.04775 12.91429 13.10415 12.86549 13.00345 11.82319 13.10891 12.61908 12.92739 12.2311 12.97051 14.58184 15.60516 15.80089 15.49526 13.99251 14.80023 14.52375 13.55192 12.38857 12.74342 13.3167 12.4855 13.10155 12.16608 11.29339 10.83947 10.9793 11.44899 11.23391 10.41515 
  13.47937 5.080119 7.225209 7.398439 6.334619 5.978802 8.65346 9.799598 10.4492 11.22184 12.14819 12.6503 11.8083 12.50074 13.25008 11.69086 11.6417 11.96334 12.36349 12.75071 12.52491 14.63436 14.80744 14.88899 15.46366 15.78946 15.4017 14.5445 14.0053 13.69798 12.52118 12.85882 11.94787 12.65664 12.52843 11.81944 11.22359 11.38797 11.40165 11.36888 11.04272 
  12.91725 4.746008 6.87165 8.338196 7.774746 6.635875 7.657812 8.201128 9.618964 10.09177 9.858591 11.23243 11.96899 12.26628 12.11044 10.43394 12.07462 13.06458 12.56783 12.28703 12.38456 12.54771 13.61694 13.45205 13.78297 15.29085 16.18572 14.9254 13.67821 12.50576 12.05894 12.55391 13.06924 12.85451 11.75935 11.55286 9.495591 10.35697 10.57775 11.37928 11.03754 
  12.68894 4.184851 6.816079 7.623663 6.084329 6.964071 7.863567 8.542351 9.813216 10.54741 10.929 11.30271 11.39132 10.67312 12.01275 12.08134 10.54968 12.64742 13.20229 11.64345 12.72422 12.75224 12.95651 13.9541 13.41284 13.61471 13.8547 14.11582 13.45035 11.89896 12.94243 11.88096 12.0638 12.70448 11.79043 11.26742 10.91588 11.27196 11.43864 12.11554 11.52104 
  12.42696 4.712621 5.166797 6.233657 6.819448 7.864835 8.623603 8.742942 10.25239 10.43757 9.674316 12.20573 11.97242 10.47952 10.89306 11.45697 12.55093 12.61641 13.19789 11.98828 12.49525 12.20563 13.78782 13.63739 13.62797 14.02748 14.1291 13.07205 12.79523 11.64039 12.49547 12.79502 11.99627 11.58826 10.9043 11.32775 11.09166 10.81439 11.46599 11.28001 10.52117 
  12.27731 4.737641 6.429649 7.848201 8.385431 8.724607 8.023623 8.996197 8.695506 6.890789 10.18163 12.37853 12.46555 11.44989 11.0588 10.77025 11.47488 11.50787 11.83771 11.43454 11.72717 12.88396 13.04171 13.73751 13.7509 12.39351 12.39046 12.41508 13.12008 11.38807 11.93291 12.3015 12.36954 13.08325 13.09713 11.78596 10.8141 10.65275 11.53275 11.42996 11.19901 
  12.47657 3.570715 4.592594 6.429755 8.411882 9.446258 9.136096 10.16386 10.50134 10.92275 11.08088 9.459619 9.889604 11.42776 11.60188 11.53969 11.5089 10.79471 11.0224 12.10054 12.74904 12.16313 12.39963 14.03534 14.53521 13.97973 12.8129 14.00617 13.41253 11.41471 12.07474 11.68571 11.98099 12.29152 12.33389 11.96409 11.03191 11.18048 11.95876 10.90071 10.84497 
  12.83506 4.604861 5.90221 7.910701 8.795149 9.750576 10.68738 10.56871 11.77294 12.07922 11.56535 9.700231 9.797417 9.848106 10.6123 12.75611 12.70532 11.43812 11.71154 12.03654 13.64326 14.00274 12.7857 13.29532 12.84239 13.43294 13.37742 13.82328 13.07645 12.0083 13.0928 13.21637 12.3543 11.93604 11.7089 11.51227 11.8045 11.73256 11.77912 11.32898 11.35237 
  13.12349 5.359613 5.007947 7.143029 7.341117 8.491103 8.49767 8.62784 8.818285 8.540664 9.258007 9.818481 10.54635 10.61848 10.84545 11.96524 11.23369 11.78501 13.63507 14.21542 13.89832 14.62202 14.07691 15.2082 15.30839 14.94141 13.83734 13.33572 13.57851 12.87325 13.14591 13.51212 13.56191 13.01138 12.4736 12.02405 11.77412 11.52993 11.64584 11.18854 11.48569 
  13.19267 4.396591 6.304519 7.904219 8.818925 8.645492 8.487075 8.852869 9.701642 10.79708 10.89118 10.62851 11.75018 10.62462 10.98153 11.98636 11.70563 12.00011 12.68376 13.04319 13.90264 14.68947 15.52774 15.11128 14.6904 13.96834 14.53475 15.41423 14.8614 12.74325 13.08309 13.74218 13.37077 12.45603 11.87405 11.45633 11.35375 12.17278 12.40902 11.94004 11.6775 
  12.79358 5.270379 6.838693 8.303068 9.041133 9.036429 9.865351 10.25343 9.630831 10.1341 10.0658 11.38309 12.60313 12.5275 12.05826 11.97223 11.62593 11.62416 12.34101 12.75108 11.91951 13.97429 13.36352 12.59842 14.51785 14.369 12.79157 13.39716 12.79967 11.79988 12.27488 11.79337 12.13019 11.08325 10.65108 11.18347 11.15777 11.05341 11.591 11.04879 10.89566 
  12.36007 4.362382 6.987435 8.236056 7.858251 6.948068 8.46417 9.81923 10.44133 9.716139 10.27165 10.40444 12.61319 12.94604 12.18639 10.29615 12.46435 13.57337 11.91419 10.70254 11.14036 11.74755 10.98965 12.09476 11.93752 11.53667 11.63419 11.15462 11.47779 11.08692 11.20258 10.46245 10.87189 10.94096 10.66005 11.2846 10.5769 10.19723 11.9458 11.29764 11.04664 
  13.53881 6.754619 7.173582 7.387518 6.534151 7.096979 8.261308 9.687885 10.41089 10.25427 10.51739 11.8245 11.86745 13.18176 14.18018 13.5489 12.68271 14.34417 14.21668 12.62988 11.34315 11.44549 11.33791 11.84793 11.40727 11.03928 10.1115 10.4284 10.46077 10.7604 11.20265 10.78829 10.16318 10.35486 10.19909 9.913842 10.60639 10.43837 11.24096 10.79419 10.65404 
  18.01683 8.450868 11.16851 12.97624 13.54388 13.47205 13.11515 14.23615 14.89086 14.78481 16.03373 16.82244 17.28261 17.48208 17.46107 17.18942 17.56587 17.70761 17.60208 16.73825 15.59086 14.28289 13.50523 13.07852 13.03816 13.37582 13.44795 13.00135 12.40452 11.48017 12.61158 13.16738 12.17047 11.34367 9.440379 9.745712 11.40967 11.93367 12.73009 12.42501 11.8782 
  18.70378 9.689933 12.4771 13.49973 13.32412 15.32388 15.83858 14.60655 16.3463 16.19735 17.71152 18.52781 19.3198 20.24825 18.94604 17.91355 19.81625 19.87929 19.7647 18.421 16.98907 15.12241 15.16956 14.81264 14.31841 14.43327 14.48121 13.79239 13.68483 13.29598 14.50195 14.85517 13.14897 12.32755 11.56907 12.67624 13.43666 13.56388 13.66637 13.58247 12.90924 
  18.73345 9.838824 12.2455 12.84638 13.78483 15.60613 15.57265 14.75127 15.73645 16.03979 17.9948 17.98482 19.59498 19.17421 19.35793 18.28855 18.86991 19.99806 19.56719 19.06307 16.67436 15.1144 14.60833 14.79015 14.38574 14.19093 14.49701 13.98103 13.54485 13.59501 14.00123 14.78214 13.77883 13.05074 13.29426 13.54866 13.73873 14.13883 14.07291 13.86957 13.4445 
  18.53554 9.796444 12.03793 12.52044 14.0118 15.47689 15.09462 15.0221 15.46616 16.16862 17.45165 18.23861 19.12022 18.99702 19.33848 18.13672 18.66708 19.6035 19.57738 18.93402 16.32667 15.411 14.63916 14.72555 14.03379 14.11278 14.26653 14.59655 14.31816 13.84245 13.6078 14.2815 14.31664 13.59153 13.57864 13.36124 14.0162 14.36284 14.30873 13.98149 14.00694 
  18.53267 10.10775 12.18013 12.3428 13.90572 15.36981 15.06239 14.97744 15.36868 15.78332 17.1144 18.07124 19.05615 18.79479 19.25312 18.33115 18.49583 19.57755 19.68408 19.09873 16.05212 15.00567 14.37274 13.93187 13.89945 13.68187 13.76359 14.00439 13.78149 13.38483 13.89264 14.64086 14.76595 13.84166 13.51339 12.32372 13.94009 14.5316 14.42584 13.82048 13.19802 
  18.55029 10.21327 12.20114 12.20758 13.97024 15.36033 15.02814 14.83519 15.25385 15.68001 16.84019 17.89581 18.92979 18.51903 18.81325 18.39368 18.52139 19.23343 19.74257 19.21571 15.44522 15.07582 14.29815 14.24714 14.01308 13.67665 13.27745 13.75231 13.77122 12.70098 12.7938 14.45731 14.61445 14.18627 13.49796 12.3173 13.5766 14.64098 14.71572 14.2414 13.58686 
  18.54877 10.05379 12.11467 12.25148 14.01626 15.32959 14.935 14.89322 15.34291 15.70194 16.59336 18.07162 18.91613 18.61428 18.97185 18.22486 18.54134 19.5428 19.78691 19.17381 15.87416 15.51191 14.51564 14.1254 13.71061 13.06759 13.22498 13.6513 13.70227 13.39058 12.03773 13.68359 14.35141 13.29163 12.44211 12.8492 13.42852 13.31057 13.77612 13.95188 13.86798 
  18.54073 10.19474 12.13899 12.06309 14.03665 15.34791 14.97336 14.7063 15.0186 15.57683 16.54984 17.91956 18.76725 18.60024 18.88619 18.05223 18.54962 19.5666 19.84995 19.23554 15.73249 15.23472 14.03744 14.43795 13.57675 12.43456 12.34637 12.89827 13.44419 13.47843 12.50936 13.34471 13.91498 12.38602 11.36222 12.44935 13.09337 13.26954 13.79407 13.17938 13.52517 
  18.53143 10.04442 12.1654 12.07572 14.02442 15.30356 14.93897 14.65474 14.95091 15.5632 16.332 17.96836 18.56353 18.54109 18.76358 18.18022 18.51327 19.27059 19.81383 19.09613 15.40578 15.61498 14.28781 14.41874 13.95043 13.58211 14.07026 13.99222 14.50343 13.75753 11.63544 12.2656 12.88377 12.77777 10.52683 11.3904 13.1947 13.2286 12.87071 12.81057 13.07585 
  18.505 9.913214 12.04885 12.15252 14.10779 15.36754 15.03328 14.665 14.90077 15.35434 16.07467 17.86626 18.51391 18.59346 18.67793 18.33931 18.72004 19.38696 20.16281 19.27271 15.94876 15.76417 14.11795 14.42078 13.51742 13.88015 14.2147 14.43755 13.91941 12.38509 12.94676 13.30803 13.68013 13.36214 12.56754 13.39636 14.15062 14.6573 14.91115 14.25637 13.22501 
  18.49012 10.18384 12.05721 12.17568 14.14122 15.37443 14.91625 14.35492 14.65486 15.0361 15.72718 17.71093 18.30604 18.48547 18.63344 18.11017 18.52764 19.27873 20.02151 18.9805 15.81619 15.38311 14.31818 14.35029 13.18365 12.43506 13.37052 13.47929 13.8283 13.61681 12.12422 11.83024 13.52747 13.69349 13.16181 13.18846 13.6459 12.98258 13.36239 13.00119 13.31364 
  18.40462 10.05044 11.98591 12.2319 14.03972 15.38395 14.96633 14.30357 14.59136 14.74253 15.73786 17.64495 18.38589 18.51744 18.59699 18.27782 18.56805 18.95411 19.9396 19.22972 15.849 15.17374 14.28761 14.13024 13.96686 13.18225 13.35022 13.30759 13.29225 13.01974 12.34663 11.86795 13.43335 13.2091 12.99238 13.23554 12.2029 13.30848 13.48561 13.98015 13.75891 
  18.39166 9.864073 11.92057 12.31211 14.14684 15.507 15.08508 14.26902 14.75711 14.7819 15.77062 17.46685 18.37268 18.23166 18.68787 18.16656 18.24725 18.89758 19.93414 19.17326 15.60541 15.21939 14.29882 14.14603 13.76136 13.22963 13.15591 13.68974 13.83687 13.3015 12.65895 13.39799 13.8483 14.05464 13.12296 12.3206 12.13094 12.69374 13.48165 12.99033 13.55544 
  18.21634 10.25346 11.94766 12.43224 14.11809 15.49612 15.03832 14.1718 14.51912 14.91133 15.89443 17.55122 18.27991 18.61407 18.86997 17.9951 18.1846 19.05278 19.57135 18.78144 15.89885 15.12935 14.25527 14.10286 13.49913 12.87355 13.48283 13.19804 12.25399 12.4634 12.82171 13.38902 13.03794 13.98823 13.5583 13.24561 13.35357 13.69141 14.69474 14.30477 13.59426 
  17.96454 9.69238 11.99483 12.4761 13.96956 15.50496 15.13018 13.88158 14.4952 14.66577 16.1137 17.20657 18.28242 18.03826 18.52196 18.11965 18.18424 18.5337 19.5953 19.04227 15.22456 15.38804 14.32596 13.83431 13.54711 12.49791 12.79701 12.90178 12.92492 12.98514 12.83295 12.1033 12.75834 14.11112 13.19976 12.68264 13.39438 11.10974 12.62529 13.08041 12.79566 
  17.8757 9.581509 11.92553 12.49475 14.04438 15.51745 15.06772 14.0587 14.45487 14.64175 15.84268 17.35083 18.2391 18.22002 18.50728 17.9257 17.90874 18.44655 19.42292 19.01275 15.79258 15.16528 13.82656 13.63406 13.64748 13.35656 12.62145 12.95017 13.00144 13.43768 13.39425 11.94293 12.02742 13.34782 13.16523 12.52298 12.7964 12.64216 13.50741 13.92281 13.87184 
  17.78552 10.04112 11.89673 12.4006 13.88574 15.42479 15.07384 13.97326 14.48117 14.21441 15.71222 17.05321 18.11489 18.00635 18.52704 17.62115 17.75462 18.67437 19.4416 19.03785 15.77325 15.11346 13.80813 13.5147 13.65363 13.52325 12.72577 13.06959 13.04515 12.72685 12.25504 11.15516 11.92773 11.87247 12.54309 12.29851 12.99838 12.67905 13.42149 13.77558 13.43443 
  17.78779 10.36126 12.10009 12.21833 13.81641 15.40061 15.19021 13.96615 14.54544 14.58291 15.98686 17.0512 18.37448 17.91285 18.5437 17.51831 17.47342 18.37187 19.1086 19.05804 16.0694 15.44203 14.33757 12.70191 12.43276 12.1446 11.65787 12.5473 13.09064 13.39702 12.91178 12.3265 11.95909 13.43786 13.68812 13.05571 12.59892 12.72831 13.24378 13.03436 13.50233 
  17.8309 9.927309 12.05045 12.31077 14.01521 15.39268 15.03531 13.88648 14.37827 14.70209 15.95219 17.13121 18.22463 18.08437 18.59544 17.33475 17.211 18.05622 18.98995 18.65157 15.71635 14.9037 13.15642 12.876 12.78296 12.93486 12.89091 12.15777 12.52089 12.89263 12.46999 12.62049 12.49629 13.53264 13.60148 12.58319 12.56974 13.064 13.36514 12.27943 13.22679 
  17.74397 9.388778 11.78516 11.80198 13.89908 15.28557 14.89358 14.05831 14.35425 14.73747 15.65548 17.12086 17.93535 18.12912 18.42038 17.14201 17.23277 17.92325 18.8462 18.17571 15.51121 14.98612 13.54445 13.00156 12.51249 12.26968 11.91479 11.93127 12.05118 12.06513 11.78984 11.79907 10.52251 13.61077 13.31109 12.14278 12.65025 12.24848 12.81339 12.50687 11.91158 
  17.75434 9.662355 11.78578 11.7883 13.88191 15.28443 14.93046 14.03642 14.41367 14.5424 15.53785 17.0246 17.95801 18.0443 18.45734 17.03921 17.25588 18.00571 18.5563 18.07427 14.81581 14.31966 13.09403 12.33751 12.16078 12.08651 12.14372 11.99387 11.53006 12.01741 11.98569 11.12601 12.28232 13.60827 13.56332 12.2295 11.89806 12.59216 12.68265 12.33251 13.10205 
  17.78573 9.658298 11.89389 11.88759 13.82284 15.29771 15.04336 14.00536 14.57868 14.57557 15.88895 17.13902 18.32474 18.15795 18.66242 17.2234 17.2297 18.11692 18.29234 18.14231 15.47513 14.71665 13.98058 13.02735 12.49271 12.60753 12.42913 12.31848 12.19642 12.60781 12.3144 10.9551 12.0338 13.84532 13.67158 13.01244 12.49763 12.70683 13.42789 12.68876 13.49529 
  17.82813 9.597961 11.91309 11.96197 13.56128 15.23214 15.06984 13.90356 14.62373 14.55556 16.11956 17.05788 18.42714 18.04772 18.62972 17.1714 16.90262 17.99203 17.76106 17.75494 15.37429 14.05644 13.30327 12.52336 12.23666 12.51828 11.84145 11.96493 11.70749 12.89611 12.60784 11.76604 12.13138 13.02313 12.79367 12.86928 12.95859 13.65312 13.50675 12.35487 12.6859 
  17.7975 9.598958 11.97818 12.36632 13.46628 15.25031 15.23925 13.91164 14.821 14.57425 16.36059 16.96261 18.54214 18.12833 18.60154 17.43344 17.04847 17.89051 17.51158 17.31813 15.2973 14.24067 13.93376 13.21467 12.98557 12.92071 12.94677 12.40941 12.17214 11.64596 11.82436 12.76316 12.27488 12.55901 11.35235 12.87551 13.22743 13.27122 12.86046 13.16034 12.4967 
  17.77335 9.564358 11.89719 12.52525 13.25507 15.17138 15.2726 13.84581 14.88024 14.4532 16.48659 16.75298 18.56923 18.20966 18.31217 17.50187 17.54129 17.84046 17.52788 16.99511 15.33414 14.20547 14.00319 13.42576 13.12216 12.2806 11.7689 11.95082 11.65696 12.2932 13.00861 11.99894 11.09283 11.74761 11.39678 11.81158 12.25897 12.25782 12.8824 12.70991 12.98091 
  17.65347 9.747149 11.88711 12.57176 13.15222 15.16795 15.34349 13.7912 15.02798 14.50131 16.62519 16.72637 18.62494 18.27915 17.9388 17.50027 17.5699 17.56439 17.56805 16.20532 15.04073 13.99341 13.76503 12.9004 12.79388 12.25685 12.55758 12.48883 11.97294 11.79042 12.72031 11.91598 12.15832 12.55589 11.77856 11.68612 11.49134 12.42947 13.87483 13.55756 12.96056 
  17.67483 9.376441 12.03138 12.52709 12.94429 15.09631 15.40901 13.86134 15.11592 14.59142 16.66594 16.73145 18.68715 18.55868 17.92139 17.64581 17.92337 17.49805 17.53543 15.82766 15.04606 13.82665 13.49586 12.54556 13.05099 13.02702 12.99826 12.64798 12.55993 11.99899 11.16367 12.27675 12.10892 12.45205 11.8566 11.18044 11.41331 13.05386 13.68788 13.12996 12.7037 
  17.90165 9.230393 12.16803 12.78604 12.61452 14.98503 15.54037 13.9901 15.34225 14.84038 16.6316 16.93616 18.50888 18.95561 17.70647 17.7856 18.23317 17.78927 17.11564 15.45518 14.98321 13.03591 12.89621 12.84427 13.01906 13.11166 13.01791 12.50473 12.82962 12.87207 12.45456 10.89408 11.17618 12.08562 12.14049 11.89204 11.87733 13.07058 14.10751 13.12073 12.90696 
  17.94371 8.892947 12.28522 12.92906 12.26035 14.95247 15.77379 14.26024 15.54442 15.33194 16.61483 17.32504 18.27887 19.19593 17.68129 17.79242 18.3844 18.45914 16.74909 15.63169 14.99609 13.07685 12.87335 12.92429 12.33471 12.03852 12.61304 11.97966 11.89848 12.16875 11.27118 11.39585 10.98282 12.69294 12.94756 13.43555 13.36547 13.76247 14.4103 13.50396 13.31925 
  17.94658 8.63781 12.29891 13.24258 12.49277 14.87509 15.9387 14.55436 15.56756 15.78052 16.62782 17.58368 17.51443 19.06131 18.02324 17.95249 18.14787 18.65553 16.29312 15.16803 14.76929 13.7147 12.88277 12.21294 11.55132 12.53069 13.5428 13.40605 13.1284 12.62991 12.14889 12.33078 12.80637 12.66908 12.67648 12.67172 13.47899 12.96472 12.94386 13.10826 13.16494 
  17.90274 8.928196 12.37284 13.42157 12.62947 14.62031 15.98065 14.92441 15.47812 16.13565 16.32732 17.97514 17.62985 18.87975 18.37027 17.79162 17.68689 18.32335 16.82204 14.10781 14.10154 13.74972 12.6015 11.5544 12.31664 13.1242 13.38812 12.6802 11.73764 11.67717 11.69431 12.0978 11.99594 12.90295 12.86605 12.36179 13.37699 13.33431 12.48185 12.89671 12.57521 
  17.77917 7.854326 12.36518 13.71847 12.70959 14.06511 15.91772 15.07842 15.37431 16.43289 16.14653 17.9762 17.49477 18.38279 18.47451 17.31507 17.31889 17.44509 16.89732 13.3956 13.17652 13.39838 11.86305 11.45936 12.2572 13.41438 13.28655 13.0334 12.58788 12.09509 11.47503 10.84896 11.4704 11.68902 12.07941 11.34177 12.25593 12.37461 12.66848 12.09359 12.70002 
  17.48331 7.206633 12.32312 13.92319 12.98243 13.34844 15.77668 15.33267 15.21077 16.74832 15.98652 17.60779 17.90065 17.34145 18.2809 16.921 17.42607 16.36115 16.59581 13.85252 13.26173 12.20543 11.25365 10.99822 10.25613 11.67336 11.95191 11.86963 12.04518 11.61686 11.37953 11.44267 12.58591 12.749 12.59482 12.21691 12.4077 11.86113 12.3506 12.16086 12.35407 
  17.42684 6.185708 12.3235 13.98424 13.34836 13.03039 15.62336 15.47823 15.04654 16.82587 16.4322 17.24138 18.0748 16.73531 17.73151 16.78651 17.24776 16.19111 15.83134 13.99617 13.36723 11.67973 11.03184 11.58146 10.74704 11.74131 12.1095 12.4815 12.27402 11.48724 10.62379 11.56872 12.49836 11.62064 12.01752 11.93292 12.80165 13.00825 13.43366 13.31215 12.54235 
  17.35333 5.591025 12.26779 14.06412 13.55213 12.63933 15.38373 15.3995 14.75954 16.61878 16.49288 16.7859 17.8265 16.65248 17.4493 16.84615 16.97108 16.22616 14.782 13.7465 13.51263 12.0912 11.58121 9.765517 10.44437 11.6444 11.91886 12.66948 11.4473 10.41989 10.65098 11.8431 11.62518 12.44998 12.94425 12.85358 12.93504 12.15833 11.76311 12.25966 11.80832 
  16.78124 6.154659 12.19339 14.20832 13.72719 11.68637 14.97948 15.15708 14.02661 16.06288 16.37291 15.99349 17.48125 16.40189 16.68861 16.59122 16.11427 16.01 13.70527 12.74226 12.66808 11.67668 11.71464 11.15904 11.40869 11.82174 10.76449 11.07914 11.53286 12.18248 12.68434 12.82269 12.41909 12.57998 12.09894 11.77805 12.01472 12.06931 11.68157 11.86137 12.25471 
  16.5442 6.676283 12.22078 14.28859 13.93959 12.13904 14.51064 14.71604 13.51958 15.12706 15.55206 15.30973 16.99473 16.27659 15.55745 15.37112 14.73097 14.97287 13.11949 13.43267 11.17572 10.70578 9.622954 10.82138 10.88723 11.94617 11.03815 10.99613 10.3413 9.937351 11.82093 10.75296 10.3022 10.82411 10.48889 11.77852 11.54338 11.76032 11.88628 11.18686 11.53057 
  15.86274 6.563782 12.18637 14.21766 13.88976 12.0308 14.01779 14.06022 12.5143 14.10631 14.29607 14.11434 15.74887 15.22009 14.63269 13.7512 14.01324 14.3469 13.01753 13.34209 10.67488 9.829225 9.755831 10.79192 11.06168 10.85849 10.3645 10.42226 10.34732 11.00301 10.52735 10.92159 10.92416 11.84032 11.80773 10.62201 11.27764 11.19988 11.17979 10.47625 11.84756 
  15.22734 4.913584 11.90529 13.84291 13.30717 10.70217 13.15199 13.12235 11.26345 12.86224 12.81868 11.0617 13.38631 13.79912 14.13518 14.07582 13.49972 13.20043 11.72895 12.33346 10.53123 9.880045 9.880471 10.77661 10.92749 10.12256 10.07115 9.919919 10.0265 11.22956 10.14007 10.3648 10.46154 11.56594 11.40191 11.42163 10.85252 11.144 11.42257 11.03444 12.91042 
  14.81481 4.998155 11.49533 13.42958 13.04734 11.09435 12.19079 12.62894 11.1091 11.89781 12.42485 11.4255 11.96649 12.16746 13.48065 12.90233 11.92718 12.92008 11.73493 11.41501 9.797996 9.791944 8.776284 10.30261 10.69087 10.60012 9.452709 9.042568 9.310723 10.34989 10.13358 10.70092 10.62431 10.47785 9.888909 9.252673 10.01637 10.15478 10.50327 10.34795 11.59329 
  14.22833 6.158146 10.90871 12.8024 12.30169 9.937901 11.9129 12.19065 10.62164 11.81609 12.50894 11.39698 12.14084 11.59891 12.37843 12.65821 11.10821 10.88322 11.7478 11.51141 9.821139 8.733793 9.39355 10.21238 10.58123 10.08026 9.37101 8.075412 8.964388 8.991695 9.465596 11.16854 10.18747 9.919149 10.94793 10.50538 11.37112 10.74211 10.27557 10.15041 10.42126 ]
