sw2005A_utt_020  [
  0.3167112 130.8766 
  0.2892417 130.8766 
  0.6491551 130.2255 
  0.8057535 127.6532 
  0.7980389 124.5092 
  0.8896261 125.1317 
  0.9406802 125.1317 
  0.9060346 123.8897 
  0.9344116 122.0498 
  0.9229297 120.2372 
  0.9044055 119.0438 
  0.903383 117.8622 
  0.9173392 118.4515 
  0.986088 119.639 
  0.9875165 119.639 
  0.9892876 119.0438 
  0.989006 119.0438 
  0.9870052 118.4515 
  0.9895694 118.4515 
  0.9380278 118.4515 
  0.8207526 117.2759 
  0.5537034 117.8622 
  0.1054065 119.0438 
  0.3016638 120.8384 
  0.1620796 122.6601 
  0.09313041 124.5092 
  -0.04279297 126.3862 
  -0.1670173 128.2915 
  0.1620681 130.2255 
  0.006831776 133.5138 
  0.1562209 138.2575 
  -0.2644743 141.7487 
  -0.09790561 146.0546 
  0.6864123 149.7427 
  0.8363639 150.4914 
  0.9001301 149.7427 
  0.9224059 147.5188 
  0.843177 143.8855 
  0.6846385 141.0434 
  0.670194 140.3417 
  0.4665862 139.6435 
  0.5806479 138.9488 
  0.5044982 138.2575 
  0.1935774 137.5696 
  0.09842358 136.8852 
  0.08118488 136.2042 
  -0.05393584 135.5266 
  -0.05637975 134.8523 
  -0.1795308 134.1814 
  0.01559585 132.8496 
  0.06043639 131.531 
  0.1849787 130.2255 
  0.06240045 128.9329 
  -0.04180041 127.0181 
  0.0409078 125.7574 
  0.1092254 125.1317 
  0.2332867 123.2734 
  0.3116269 120.2372 
  -0.1236435 117.2759 
  -0.1967465 115.5342 
  0.3347786 114.9594 
  0.5105455 114.9594 
  0.4807243 116.1118 
  0.2484016 117.8622 
  0.421813 120.2372 
  -0.1668566 122.6601 
  -0.1748592 125.1317 
  -0.2165138 127.6532 
  -0.1370061 130.2255 
  -0.00823645 132.8496 
  -0.0597854 135.5266 
  -0.09894349 138.2575 
  -0.03100385 141.0434 
  0.0185059 143.8855 
  -0.07028567 146.7849 
  0.508189 143.1697 
  0.7580585 142.4574 
  0.9971374 141.7487 
  0.9968506 141.7487 
  0.9952227 141.0434 
  0.9787239 141.0434 
  0.935722 139.6435 
  0.8846235 135.5266 
  0.9104375 131.531 
  0.9250142 128.9329 
  0.9401431 128.2915 
  0.9553154 129.5776 
  0.9351175 132.1886 
  0.9431702 134.8523 
  0.9490227 136.8852 
  0.9588482 136.8852 
  0.9548942 136.2042 
  0.9233778 134.1814 
  0.9609545 132.8496 
  0.9466408 130.8766 
  0.915804 128.2915 
  0.9762319 127.0181 
  0.9937174 126.3862 
  0.9653738 125.1317 
  0.9294066 123.8897 
  0.9347866 121.4426 
  0.9130229 119.639 
  0.8486961 117.2759 
  0.7774346 114.3874 
  0.7138004 111.0151 
  0.1889922 110.4628 
  0.764998 109.3664 
  0.8591858 108.8223 
  0.897592 107.7421 
  0.8439214 106.6728 
  0.8247923 106.142 
  0.5933319 106.6728 
  0.4691859 107.7421 
  -0.06045214 108.8223 
  -0.3056248 109.9132 
  -0.4575115 111.0151 
  -0.2565451 112.128 
  0.1565092 113.2521 
  0.1657015 114.3874 
  0.1363987 115.5342 
  0.1663314 116.6924 
  0.1324244 117.8622 
  0.02310958 119.0438 
  -0.008217512 120.2372 
  0.002874514 120.8384 
  0.02292692 121.4426 
  0.09680761 122.0498 
  0.1678631 122.6601 
  0.2610179 123.2734 
  0.1434584 124.5092 
  -0.1231944 125.7574 
  -0.190156 127.0181 
  -0.03186393 128.2915 
  0.03264304 129.5776 
  0.4566131 130.8766 
  0.7611315 134.8523 
  0.9404763 134.1814 
  0.916172 131.531 
  0.8937814 129.5776 
  0.8931064 126.3862 
  0.904832 123.8897 
  0.9391751 123.2734 
  0.9548643 126.3862 
  0.950957 127.6532 
  0.9529086 128.2915 
  0.92961 126.3862 
  0.9070951 124.5092 
  0.9251515 122.0498 
  0.9600318 120.2372 
  0.9397832 118.4515 
  0.8829505 116.6924 
  0.9249004 114.3874 
  0.8312894 113.2521 
  0.7122707 111.5702 
  0.7368032 108.8223 
  0.3293904 109.9132 
  0.4691568 112.128 
  0.09756488 114.3874 
  0.1698953 116.6924 
  0.5934109 119.0438 
  0.7130281 120.8384 
  0.1621207 123.2734 
  0.02386671 125.7574 
  -0.1899954 128.2915 
  -0.1380193 130.8766 
  -0.09319174 133.5138 
  -0.05535192 136.2042 
  0.004808253 138.9488 
  -0.1325403 141.7487 
  -0.1983779 144.605 
  -0.06610717 147.5188 
  -0.03253563 149.7427 
  -0.1450482 152.0001 
  -0.2206917 154.2915 
  0.3886198 156.6175 
  0.7265768 143.1697 
  0.8922647 142.4574 
  0.9635262 141.0434 
  0.9204472 138.9488 
  0.9036846 136.2042 
  0.9727405 133.5138 
  0.9882318 132.8496 
  0.9955654 132.1886 
  0.9943813 131.531 
  0.9702193 130.8766 
  0.8654444 129.5776 
  0.7862341 127.6532 
  0.3630404 123.2734 
  0.3323487 125.1317 
  0.271949 127.0181 
  0.7422308 128.2915 
  0.7464255 125.7574 
  0.759562 122.6601 
  0.916446 119.639 
  0.9085723 116.6924 
  0.8213177 112.6886 
  0.845244 112.6886 
  0.9759153 114.9594 
  0.9937298 116.1118 
  0.8172665 117.8622 
  0.7242799 117.2759 
  0.5667236 111.5702 
  0.9060981 110.4628 
  0.9885246 110.4628 
  0.9643114 111.0151 
  0.9716203 111.5702 
  0.8981577 112.6886 
  0.8954765 113.2521 
  0.9546694 113.8184 
  0.9642881 112.128 
  0.9878737 111.5702 
  0.9639792 112.128 
  0.9204384 113.8184 
  0.9382601 114.3874 
  0.9270437 114.3874 
  0.9428186 113.2521 
  0.886887 112.6886 
  0.7845643 112.128 
  0.5677019 112.128 
  0.3956111 112.6886 
  0.5720926 113.2521 
  0.6638233 113.8184 
  0.4046617 114.3874 
  -0.01632047 114.9594 
  -0.003884335 116.1118 
  0.07267696 117.2759 
  0.2191614 117.8622 
  0.272645 118.4515 
  0.09162884 118.4515 
  0.6996145 124.5092 
  0.7530982 122.6601 
  0.8386313 121.4426 
  0.9075754 119.639 
  0.5910308 115.5342 
  0.9434764 112.6886 
  0.9695065 112.128 
  0.9744056 112.128 
  0.9789723 112.128 
  0.9680344 112.128 
  0.9633364 112.128 
  0.9942926 112.128 
  0.980286 112.6886 
  0.9506183 112.6886 
  0.8726935 112.6886 
  0.8474305 111.5702 
  0.6397331 110.4628 
  0.3266971 111.0151 
  0.1701063 111.5702 
  -0.06255949 111.5702 
  -0.03322634 111.5702 
  0.03717991 111.5702 
  0.2834591 111.5702 
  0.1087366 111.5702 
  0.2637962 111.5702 
  0.248611 111.5702 
  0.4868664 111.5702 
  0.4159089 111.5702 
  0.2773798 111.5702 
  0.07837823 111.5702 
  0.1074771 111.5702 
  0.008282938 111.5702 
  0.6989627 112.6886 
  0.9103379 112.6886 
  0.9728237 111.0151 
  0.9824317 110.4628 
  0.9799228 109.3664 
  0.9246917 108.2809 
  0.8858796 107.7421 
  0.8504869 107.2061 
  0.9083545 108.2809 
  0.9231881 108.2809 
  0.8519274 107.7421 
  0.9026263 106.142 
  0.7202852 104.5657 
  0.9163439 103.0128 
  0.9550885 103.5278 
  0.946082 102.5003 
  0.8280141 104.0455 
  0.8856878 104.5657 
  0.9336216 103.5278 
  0.9722389 102.5003 
  0.9267946 101.9903 
  0.917279 100.4756 
  0.9665663 99.47836 
  0.9322698 99.47836 
  0.8543327 99.47836 
  0.7653786 99.97575 
  0.572531 99.97575 
  0.7899192 100.978 
  0.613987 101.9903 
  0.09417139 103.0128 
  0.02463054 104.5657 
  0.004095642 106.142 
  -0.107521 107.7421 
  -0.3949402 109.3664 
  -0.2716128 111.0151 
  -0.1235168 112.6886 
  -0.1245868 114.3874 
  -0.0877261 116.1118 
  -0.002373757 117.8622 
  0.1287954 119.639 
  0.1278305 121.4426 
  -0.1053114 123.2734 
  0.2925046 124.5092 
  0.2630314 129.5776 
  0.696615 133.5138 
  0.9670856 137.5696 
  0.9689939 138.2575 
  0.9808542 139.6435 
  0.9845251 140.3417 
  0.9881075 139.6435 
  0.9780833 138.2575 
  0.9790499 136.2042 
  0.9861554 134.1814 
  0.9772316 132.8496 
  0.976895 130.2255 
  0.9772125 128.2915 
  0.9538715 127.6532 
  0.8248461 128.9329 
  0.5368444 131.531 
  0.7422633 131.531 
  0.612024 131.531 
  0.7184869 131.531 
  0.741186 130.8766 
  0.5350809 130.2255 
  0.1662615 128.9329 
  0.03118513 127.6532 
  -0.04281946 125.7574 
  0.01146246 123.8897 
  0.3710768 122.0498 
  0.1526978 120.2372 
  0.5379584 112.6886 
  0.6608605 111.0151 
  0.768277 109.9132 
  0.8507377 106.142 
  0.9353232 105.0885 
  0.9950363 105.614 
  0.9924518 104.5657 
  0.9860612 103.5278 
  0.9405928 103.0128 
  0.8712942 103.0128 
  0.6494634 102.5003 
  0.2980005 102.5003 
  0.1597607 102.5003 
  0.07257265 101.9903 
  0.06822301 101.4829 
  0.1742312 100.978 
  -0.2498062 100.978 
  0.1150967 100.978 
  0.0765003 100.978 
  -0.08806694 100.978 
  -0.07744888 100.978 
  0.03843604 100.978 
  0.1339198 100.978 
  -0.1802729 100.978 
  -0.1472791 100.978 
  -0.02142046 100.978 
  0.04503496 100.978 
  -0.004233736 100.978 
  0.1197881 100.978 
  0.07583936 100.978 
  0.1683519 100.978 
  0.03840419 100.978 
  -0.0141731 100.978 
  0.02878719 101.4829 
  0.05217471 101.9903 
  0.02287338 102.5003 
  0.1023054 103.0128 
  0.2578991 103.0128 
  0.3845631 103.0128 
  0.2367417 103.0128 
  0.09694031 103.0128 
  -0.01729693 103.0128 
  0.06773867 103.0128 
  0.1037574 102.5003 
  0.05609356 101.9903 
  0.1270779 101.9903 
  0.1384025 101.9903 
  0.2420106 101.9903 
  0.06689058 101.9903 
  0.1124987 101.9903 
  -0.08108503 101.9903 
  0.004372733 101.9903 
  -0.1640308 102.5003 
  -0.1191836 103.0128 
  -0.1354686 103.5278 
  -0.09499579 104.0455 
  -0.08564422 104.5657 
  0.1032785 105.0885 
  0.1582063 105.614 
  0.1816726 106.142 
  0.1800528 106.6728 
  0.06042977 107.2061 
  0.09810744 107.7421 
  -0.1494394 108.8223 
  -0.22462 109.9132 
  -0.3636808 111.0151 
  -0.3160308 112.128 
  0.0752509 112.6886 
  -0.08541708 113.2521 
  0.6602385 117.8622 
  0.9052613 119.0438 
  0.9733884 119.0438 
  0.8991842 117.2759 
  0.8819169 115.5342 
  0.8643942 114.3874 
  0.9303718 113.8184 
  0.9245574 112.6886 
  0.9393023 111.5702 
  0.9067776 109.9132 
  0.9248651 109.3664 
  0.9491555 109.3664 
  0.9600461 109.3664 
  0.9422045 108.8223 
  0.90791 107.7421 
  0.8503565 107.2061 
  0.7512907 106.142 
  0.6364033 105.614 
  0.460723 107.2061 
  0.2251896 109.9132 
  -0.01554132 113.2521 
  0.1678255 117.2759 
  -0.3198897 121.4426 
  -0.1175026 125.7574 
  0.03275832 130.2255 
  -0.01891395 134.8523 
  -0.003580375 139.6435 
  0.01543397 144.605 
  0.156312 149.7427 
  0.3684988 155.063 
  0.4425308 160.5723 
  0.2378831 167.1087 
  0.7200454 173.9112 
  0.8172591 173.046 
  0.9168257 174.7808 
  0.9720827 178.3027 
  0.9828776 181.8956 
  0.9777204 182.8051 
  0.954572 181.8956 
  0.6425692 180.9906 
  0.05072392 179.1942 
  0.2115094 176.533 
  0.4645246 173.9112 
  0.1793935 171.3284 
  0.2196549 168.784 
  0.04489729 166.2773 
  0.04540402 163.8079 
  0.4737693 161.3751 
  -0.1357567 158.9785 
  -0.05627314 156.6175 
  -0.07230314 154.2915 
  -0.09691497 152.0001 
  0.2198164 149.7427 
  0.1552497 147.5188 
  0.4676305 145.328 
  0.7270839 150.4914 
  0.6502317 150.4914 
  0.5661552 150.4914 
  0.7598231 136.8852 
  0.6782863 130.8766 
  0.7517424 125.1317 
  0.8642136 120.2372 
  0.8671057 116.6924 
  0.7811731 112.128 
  0.9417998 108.8223 
  0.9087863 108.2809 
  0.7778864 107.2061 
  0.7916043 103.5278 
  0.7706248 104.0455 
  0.6201757 105.0885 
  0.1817649 107.2061 
  0.2331083 107.2061 
  0.1924103 107.2061 
  0.4023507 107.7421 
  0.2936573 107.7421 
  0.05263782 107.7421 
  -0.2382077 108.2809 
  -0.221434 108.2809 
  -0.08559331 108.2809 
  -0.0256753 108.2809 
  -0.1240942 108.2809 
  -0.02564379 108.8223 
  -0.167925 108.8223 
  -0.1163489 108.8223 
  -0.2838023 108.8223 
  -0.2439073 108.8223 
  -0.2537918 108.8223 
  -0.2303573 108.8223 
  0.0829265 108.8223 
  -0.1427452 108.8223 
  -0.1595755 108.8223 
  -0.09671389 108.8223 
  0.009318515 108.8223 
  0.07207666 108.8223 
  -0.2050444 108.8223 
  -0.3072988 108.8223 
  -0.3205874 108.8223 
  -0.1988529 108.8223 
  -0.09740487 108.8223 
  -0.1336769 109.3664 
  -0.138197 109.9132 
  -0.08164258 110.4628 
  -0.2827195 111.0151 
  -0.1999887 111.5702 
  -0.238434 112.128 
  -0.284865 112.6886 
  -0.3332371 113.2521 
  -0.2519707 113.8184 
  -0.2250969 114.3874 
  -0.3463573 114.9594 
  -0.3698685 115.5342 
  -0.4822805 116.1118 
  -0.4851661 116.6924 
  -0.516865 117.2759 
  -0.430849 117.8622 
  -0.5119013 118.4515 
  -0.42282 119.0438 
  -0.259887 119.639 
  -0.1996786 120.2372 
  -0.4398421 120.8384 
  -0.5095233 121.4426 
  -0.3471395 122.0498 
  -0.1539534 122.6601 
  -0.01469352 123.2734 
  -0.2216674 123.8897 
  -0.2356175 124.5092 
  -0.3496212 125.1317 
  -0.1471241 125.7574 
  -0.299729 126.3862 
  -0.1965048 127.0181 
  -0.1671114 127.6532 
  0.08300898 128.2915 
  0.08717694 128.9329 
  0.4059255 130.2255 
  0.7268616 132.1886 
  0.9436901 134.1814 
  0.9756815 134.8523 
  0.9912928 134.1814 
  0.9971863 133.5138 
  0.9950678 132.8496 
  0.9786203 132.8496 
  0.7989426 134.1814 
  0.7496937 131.531 
  0.8408757 128.9329 
  0.9151143 127.6532 
  0.905665 127.0181 
  0.9446899 126.3862 
  0.9811491 125.7574 
  0.9900252 125.7574 
  0.9450353 126.3862 
  0.9146564 127.6532 
  0.9412307 128.9329 
  0.9452389 130.2255 
  0.931522 131.531 
  0.9455981 132.1886 
  0.9745437 133.5138 
  0.9118496 132.1886 
  0.8711405 131.531 
  0.8179421 132.1886 
  0.9571633 135.5266 
  0.9744629 136.2042 
  0.9879761 136.8852 
  0.9922835 136.8852 
  0.9179357 136.2042 
  0.8759584 133.5138 
  0.9043751 132.1886 
  0.9573324 130.8766 
  0.9719479 129.5776 
  0.9788054 128.9329 
  0.9762505 128.9329 
  0.9779512 128.9329 
  0.978186 128.2915 
  0.9114028 127.6532 
  0.8841304 126.3862 
  0.8618973 127.0181 
  0.868708 128.2915 
  0.6707469 128.9329 
  0.5141461 131.531 
  0.08726577 135.5266 
  -0.2841825 139.6435 
  -0.2948409 144.605 
  -0.1592257 148.9977 
  -0.03556208 152.0001 
  0.1148408 154.2915 
  0.5325673 143.8855 
  0.6839123 136.2042 
  0.8581048 134.1814 
  0.9236591 132.1886 
  0.9522837 130.2255 
  0.9735955 128.9329 
  0.9855523 128.2915 
  0.9285374 127.0181 
  0.8727458 125.1317 
  0.801617 123.8897 
  0.5250675 122.0498 
  0.5925988 129.5776 
  0.8794068 128.2915 
  0.8749032 126.3862 
  0.9053022 124.5092 
  0.8907262 122.0498 
  0.7686725 119.0438 
  0.5605782 115.5342 
  0.8139808 116.1118 
  0.8873805 116.6924 
  0.8725066 116.6924 
  0.855186 116.6924 
  0.8546667 116.1118 
  0.8308457 116.1118 
  0.9211786 116.1118 
  0.9729739 116.1118 
  0.9920408 116.6924 
  0.997185 116.6924 
  0.997096 116.6924 
  0.9987937 116.1118 
  0.9992828 116.1118 
  0.9990335 116.1118 
  0.9981957 116.6924 
  0.9941157 117.8622 
  0.9878032 119.639 
  0.9784558 122.0498 
  0.9714125 125.1317 
  0.969201 128.2915 
  0.9643031 131.531 
  0.93499 136.2042 
  0.9322319 141.0434 
  0.9579343 145.328 
  0.9537033 149.7427 
  0.9586049 152.7601 
  0.9612122 156.6175 
  0.9852379 158.9785 
  0.9940498 160.5723 
  0.9961544 160.5723 
  0.990763 159.7734 
  0.9729694 158.9785 
  0.9154885 155.8383 
  0.8234601 151.2439 
  0.6128664 145.328 
  0.7829568 141.7487 
  0.5595588 138.9488 
  0.3870297 136.2042 
  0.05857552 133.5138 
  -0.0610769 130.8766 
  0.03755692 128.2915 
  -0.1790433 125.7574 
  0.7315478 125.1317 
  0.805654 120.8384 
  0.9070022 117.8622 
  0.9189994 114.9594 
  0.8798261 113.2521 
  0.8405811 111.5702 
  0.7141633 109.9132 
  0.2664829 111.0151 
  0.6405373 112.128 
  0.6658101 113.2521 
  0.7722954 114.3874 
  0.8378515 115.5342 
  0.6293837 116.1118 
  0.3782522 116.6924 
  0.2288279 117.2759 
  0.07412507 118.4515 
  0.07682092 119.0438 
  0.09763706 119.639 
  0.1280766 120.8384 
  0.20336 122.0498 
  0.3410853 123.2734 
  0.3390118 124.5092 
  0.29856 125.7574 
  0.4898693 127.0181 
  0.7843921 127.6532 
  0.9462063 127.6532 
  0.9687375 129.5776 
  0.9714903 129.5776 
  0.9835278 130.2255 
  0.9902837 130.2255 
  0.9939193 130.2255 
  0.9892334 129.5776 
  0.9838592 128.9329 
  0.9798249 128.9329 
  0.9671836 129.5776 
  0.9656001 128.9329 
  0.9580173 127.6532 
  0.9514831 127.0181 
  0.907465 128.2915 
  0.9294029 129.5776 
  0.9786808 130.2255 
  0.9803976 130.2255 
  0.9582376 129.5776 
  0.8520737 128.9329 
  0.7503417 127.6532 
  -0.05660167 129.5776 
  0.4560888 132.1886 
  0.06707295 134.8523 
  -0.01760525 138.2575 
  0.2000182 132.1886 
  0.3357363 128.9329 
  0.615039 125.7574 
  0.9796918 122.6601 
  0.9924591 120.8384 
  0.9917019 119.639 
  0.9923404 119.0438 
  0.9924383 117.8622 
  0.9905809 116.6924 
  0.9784479 116.1118 
  0.9077976 115.5342 
  0.7470878 114.9594 
  0.4644401 114.9594 
  0.08507407 114.9594 
  -0.08656573 114.9594 
  0.0351305 115.5342 
  0.1441084 116.1118 
  0.3576331 116.1118 
  0.6442162 116.6924 
  0.8127699 116.1118 
  0.8168027 114.3874 
  0.8791896 112.6886 
  0.828233 111.5702 
  0.6386281 111.5702 
  0.1762896 112.6886 
  0.1320631 113.8184 
  -0.1704993 114.9594 
  -0.09740791 116.1118 
  -0.1701214 117.2759 
  0.06268319 118.4515 
  0.2505049 119.639 
  -0.09935919 120.8384 
  0.009304937 122.0498 
  -0.02542828 123.2734 
  -0.1322016 124.5092 
  -0.1748863 125.7574 
  -0.06608471 127.0181 
  0.005503088 128.2915 
  0.3627332 129.5776 
  0.404682 130.8766 
  0.3767263 132.8496 
  0.3367452 135.5266 
  0.6507373 152.0001 
  0.8294612 152.0001 
  0.9549047 151.2439 
  0.9860798 149.7427 
  0.989885 149.7427 
  0.9958527 150.4914 
  0.9955522 151.2439 
  0.9958242 151.2439 
  0.9791982 150.4914 
  0.9229037 148.9977 
  0.8945397 146.7849 
  0.8531002 143.1697 
  0.8126587 138.9488 
  0.8516956 134.1814 
  0.6498366 129.5776 
  0.1901712 124.5092 
  0.06060178 119.0438 
  -0.04645922 113.8184 
  0.5720116 109.9132 
  0.7022441 107.2061 
  0.6255792 106.6728 
  0.404821 106.142 
  -0.05669566 106.142 
  0.02971867 105.0885 
  0.2425528 104.5657 
  0.226731 104.0455 
  0.5432811 104.0455 
  0.6072524 104.0455 
  0.4307051 104.5657 
  0.07019485 105.0885 
  0.268238 104.5657 
  -0.1241661 104.0455 
  0.06255732 103.0128 
  -0.102101 103.0128 
  0.05410071 103.5278 
  0.330751 103.5278 
  0.4699729 103.5278 ]