sw2005A_utt_013  [
  -0.2851035 127.6532 
  0.3186474 127.6532 
  0.5933533 127.0181 
  0.485733 122.6601 
  0.7241982 118.4515 
  0.9010076 116.1118 
  0.966874 114.9594 
  0.9816878 113.2521 
  0.98243 112.128 
  0.9950017 111.5702 
  0.9925508 111.0151 
  0.9901903 111.0151 
  0.9884928 110.4628 
  0.9818031 110.4628 
  0.9840031 109.3664 
  0.9569227 108.2809 
  0.9596491 108.2809 
  0.9598818 108.2809 
  0.9832647 108.8223 
  0.9237674 108.2809 
  0.872308 106.6728 
  0.8943251 106.142 
  0.9872215 107.7421 
  0.9965947 108.2809 
  0.9954188 108.2809 
  0.9963411 108.2809 
  0.9969743 108.2809 
  0.9929107 108.2809 
  0.9945477 108.8223 
  0.9907783 108.8223 
  0.9743462 108.2809 
  0.8949569 106.6728 
  0.8457215 105.0885 
  0.6055425 104.5657 
  0.1988472 104.0455 
  -0.01311069 103.5278 
  0.02936996 104.0455 
  0.03270514 105.0885 
  -0.2045821 106.6728 
  0.2452246 105.0885 
  0.569748 107.2061 
  0.7286139 108.2809 
  0.9276837 109.3664 
  0.9533048 109.3664 
  0.9353208 108.8223 
  0.9451616 108.2809 
  0.9698681 107.7421 
  0.9639297 106.6728 
  0.9306166 105.614 
  0.9470904 105.0885 
  0.9769102 104.5657 
  0.9880099 104.5657 
  0.973392 104.5657 
  0.9725648 104.5657 
  0.9606491 104.5657 
  0.9864309 104.0455 
  0.9823911 104.0455 
  0.9552822 103.5278 
  0.9683534 103.0128 
  0.9894327 102.5003 
  0.9688804 101.9903 
  0.9570194 101.9903 
  0.9678714 101.4829 
  0.939366 101.4829 
  0.8310093 100.978 
  0.7787491 99.97575 
  0.9250414 99.97575 
  0.9905947 100.4756 
  0.9933808 100.978 
  0.9954246 100.978 
  0.9963201 100.978 
  0.995768 100.978 
  0.9950708 100.978 
  0.9946698 101.4829 
  0.9945896 101.4829 
  0.9763222 101.4829 
  0.978201 101.4829 
  0.9840088 101.4829 
  0.9865143 101.9903 
  0.9801732 102.5003 
  0.9792149 103.0128 
  0.974484 103.5278 
  0.9669957 104.5657 
  0.9367524 105.0885 
  0.8506079 106.142 
  0.7760761 106.6728 
  0.7283592 107.2061 
  0.6614157 107.7421 
  0.3147568 108.2809 
  0.1101814 108.8223 
  0.1506039 109.3664 
  0.1107288 109.9132 
  -0.1885507 110.4628 
  -0.4045474 111.0151 
  -0.3040878 111.5702 
  -0.1584873 112.6886 
  -0.3573482 113.2521 
  -0.4553906 113.8184 
  -0.4018693 114.3874 
  -0.1429909 114.9594 
  -0.06800774 115.5342 
  -0.3497236 116.1118 
  0.1458901 116.6924 
  0.08131631 117.2759 
  -0.1418745 117.8622 
  -0.146109 118.4515 
  0.03831903 119.0438 
  0.02507241 119.639 
  -0.2499317 120.2372 
  -0.4492721 120.8384 
  -0.4308717 121.4426 
  -0.3648202 122.0498 
  -0.2139492 123.2734 
  -0.2383647 123.8897 
  -0.2602529 124.5092 
  -0.02313927 125.1317 
  -0.1797152 125.7574 
  -0.3654769 126.3862 
  -0.09040269 127.0181 
  0.02410852 127.6532 
  0.04735917 128.2915 
  0.2689096 128.9329 
  0.2320606 130.2255 
  -0.1577802 131.531 
  -0.1119298 132.1886 
  -0.168328 132.8496 
  -0.1733461 133.5138 
  -0.08497627 134.1814 
  0.1158962 134.8523 
  0.08245327 135.5266 
  0.0547336 136.2042 
  0.05222723 136.8852 
  0.05890162 137.5696 
  -0.04680712 138.2575 
  0.2179271 138.9488 
  0.0957035 139.6435 
  -0.1263043 140.3417 
  -0.02588869 141.0434 
  0.3140258 141.7487 
  0.3115633 142.4574 
  0.2457006 142.4574 
  -0.09148367 142.4574 
  0.2300327 142.4574 
  0.03140451 142.4574 
  0.07305803 142.4574 
  0.2578259 142.4574 
  -0.06507256 142.4574 
  -0.0367845 142.4574 
  -0.1482564 142.4574 
  -0.02638853 142.4574 
  0.3185377 142.4574 
  0.4199848 142.4574 
  0.3594866 142.4574 
  0.2468531 142.4574 
  0.224979 141.7487 
  0.0076363 141.0434 
  0.05651813 141.0434 
  0.7083932 140.3417 
  0.8297865 137.5696 
  0.9565453 136.2042 
  0.9906793 135.5266 
  0.9727462 134.1814 
  0.9261204 132.8496 
  0.8852797 130.2255 
  0.9191973 128.2915 
  0.9330451 128.2915 
  0.9267188 130.8766 
  0.913936 132.8496 
  0.9314351 134.1814 
  0.9309304 134.1814 
  0.9501536 132.8496 
  0.9733208 130.8766 
  0.9643888 130.2255 
  0.9542419 128.9329 
  0.9691893 128.2915 
  0.8901563 129.5776 
  0.9341207 132.1886 
  0.9026038 131.531 
  0.8782867 129.5776 
  0.7163524 129.5776 
  0.3754312 129.5776 
  0.3393941 128.9329 
  0.2699691 128.9329 
  0.3294663 128.9329 
  0.3658773 128.2915 
  0.2945992 127.6532 
  0.09728254 126.3862 
  0.1579866 125.1317 
  0.06442606 123.8897 
  0.05967371 122.6601 
  -0.05670768 120.8384 
  -0.1373691 119.0438 
  -0.07959151 117.2759 
  0.1608752 116.1118 
  0.6675214 119.0438 
  0.2586101 116.1118 
  0.6610361 108.8223 
  0.9422737 107.7421 
  0.9847413 107.7421 
  0.9874846 107.7421 
  0.9873188 107.2061 
  0.9835097 107.2061 
  0.9894009 106.6728 
  0.9918134 106.6728 
  0.9890287 106.6728 
  0.9690009 107.2061 
  0.9632712 107.2061 
  0.9436768 107.7421 
  0.9554095 107.7421 
  0.9772981 107.7421 
  0.9563653 108.2809 
  0.9656169 108.8223 
  0.9809001 107.7421 
  0.9667332 107.7421 
  0.9616884 108.8223 
  0.9701806 109.9132 
  0.9645841 110.4628 
  0.9716278 111.5702 
  0.9756228 112.6886 
  0.9722947 113.8184 
  0.8781384 116.1118 
  0.8955171 118.4515 
  0.9210143 120.8384 
  0.9063058 122.6601 
  0.898388 125.1317 
  0.8421338 128.9329 
  0.9323024 132.1886 
  0.9695625 134.1814 
  0.9537591 136.2042 
  0.9580368 138.2575 
  0.950334 138.2575 
  0.9470484 138.9488 
  0.9448423 138.9488 
  0.9566849 138.9488 
  0.9452075 138.9488 ]
