sw2005A_utt_020  [
  -0.1110077 0.08685398 -0.007489368 
  -0.09980813 0.08268738 -0.09440415 
  -0.2907097 0.06175804 -0.0991518 
  -0.4357127 0.01185131 -0.1195276 
  -0.426552 -0.04678726 -0.1013558 
  -0.5627943 -0.04486942 -0.0265436 
  -0.6904573 -0.05141258 -0.03791553 
  -0.5970426 -0.07477665 -0.1044281 
  -0.6706072 -0.106205 -0.09965315 
  -0.6380928 -0.1362486 -0.08751123 
  -0.5934246 -0.155982 -0.07733957 
  -0.5911802 -0.1763706 -0.0482096 
  -0.6237298 -0.168026 -0.05191103 
  -0.9456013 -0.1508217 0.0289202 
  -0.9624706 -0.154294 -0.06988636 
  -0.9858125 -0.1675615 -0.05368252 
  -0.9818932 -0.1703873 0.01515866 
  -0.9562537 -0.1821671 0.07623105 
  -0.9898214 -0.1834145 -0.009364313 
  -0.6818508 -0.1838245 0.009782063 
  -0.4544457 -0.2031984 -0.06054156 
  -0.2279004 -0.1921511 -0.03391299 
  -0.03310517 -0.1709414 0.1424824 
  -0.1048264 -0.1393518 0.07458454 
  -0.05231739 -0.1074362 0.1700788 
  -0.02908042 -0.07472038 0.1770382 
  0.01263934 -0.04160786 0.1733749 
  0.04690257 -0.008815765 0.2572232 
  -0.05231341 0.02315712 0.2635457 
  -0.002025335 0.07457447 0.2280839 
  -0.05028095 0.1444654 0.324848 
  0.07167512 0.1968317 0.2859659 
  0.02824624 0.2618103 0.1431402 
  -0.3192442 0.3180428 0.2159002 
  -0.4754149 0.3328943 0.0943111 
  -0.5841724 0.3271704 -0.1931777 
  -0.6367102 0.298008 -0.1762208 
  -0.4851034 0.2484856 -0.2875278 
  -0.317822 0.208601 -0.2030217 
  -0.306487 0.1987524 -0.05388936 
  -0.1798723 0.1890488 -0.1083153 
  -0.2443726 0.1791544 -0.07422768 
  -0.1998864 0.1692133 -0.0292712 
  -0.06347782 0.1592741 -0.04709814 
  -0.03081009 0.1493225 -0.002949485 
  -0.02520824 0.1393757 0.01704733 
  0.01585042 0.1294193 -0.1211421 
  0.01655082 0.1194468 -0.1523996 
  0.05017962 0.1094751 -0.1894122 
  -0.004679666 0.08952522 -0.1195819 
  -0.01858313 0.06957817 -0.1101998 
  -0.06039482 0.04963398 -0.07886539 
  -0.0192049 0.02969551 -0.1120511 
  0.0123519 -0.0002088547 -0.1227984 
  -0.01246017 -0.02015495 -0.1747058 
  -0.03436678 -0.03012657 -0.1153988 
  -0.07808825 -0.06005192 -0.2776943 
  -0.1089063 -0.1099281 -0.3198389 
  0.03530771 -0.1598053 -0.2123552 
  0.05464012 -0.1897888 -0.04819543 
  -0.1185845 -0.2005901 -0.0628483 
  -0.2031983 -0.2026491 0.1119022 
  -0.1871902 -0.1838932 0.1415279 
  -0.08381895 -0.1545534 0.1807023 
  -0.1577375 -0.1144123 0.2213679 
  0.0468603 -0.07360935 0.252939 
  0.04895969 -0.03260231 0.1608233 
  0.05969495 0.007515907 0.1968848 
  0.03891982 0.04728889 0.120115 
  0.00249212 0.0868988 0.179613 
  0.01752457 0.1270065 0.105965 
  0.0285337 0.1675472 0.231456 
  0.00921012 0.2087135 0.1841153 
  -0.005565462 0.25035 0.09879731 
  0.02051016 0.2923698 0.03934978 
  -0.2019036 0.2446518 -0.09027323 
  -0.3833595 0.2376747 -0.05483789 
  -1.164819 0.2297525 0.0128774 
  -1.153162 0.230793 -0.1384353 
  -1.09997 0.2222795 -0.1134707 
  -0.8766391 0.2221909 -0.1452619 
  -0.6746194 0.2022076 -0.1300278 
  -0.5532149 0.1421061 -0.3567625 
  -0.6070945 0.08173275 -0.2333329 
  -0.6436753 0.04097652 -0.2181458 
  -0.6886885 0.02981853 0.02599032 
  -0.7448394 0.04797173 0.1121694 
  -0.67276 0.08571529 0.2000161 
  -0.6988394 0.1234627 0.1788671 
  -0.7198402 0.1513834 0.04094884 
  -0.760215 0.1493101 -0.07246479 
  -0.7430759 0.1370106 -0.09622231 
  -0.639282 0.1046801 -0.1757367 
  -0.769923 0.08202934 -0.1335498 
  -0.7110582 0.0492754 -0.1558642 
  -0.6199301 0.006533623 -0.1486868 
  -0.8579041 -0.01532459 -0.1828409 
  -1.062913 -0.02562332 -0.09828086 
  -0.7918286 -0.04567909 0.004028399 
  -0.6558837 -0.06595039 -0.1164415 
  -0.6717485 -0.1070242 -0.2278469 
  -0.6131945 -0.1404972 -0.2196662 
  -0.4932176 -0.1839066 -0.2376751 
  -0.403467 -0.2364998 -0.3145161 
  -0.34212 -0.2982035 -0.1968934 
  -0.06183039 -0.3094311 -0.06954779 
  -0.3903982 -0.3304005 -0.07601351 
  -0.5093584 -0.3411541 -0.05587226 
  -0.5788378 -0.3617239 -0.04804043 
  -0.4861836 -0.3811407 -0.1178322 
  -0.4597183 -0.3879814 0.00572365 
  -0.2524403 -0.3733358 0.07212073 
  -0.1812055 -0.3488712 0.07290082 
  0.01771489 -0.326272 0.09991374 
  0.08165016 -0.3056622 0.1653945 
  0.1162953 -0.2851677 0.09623314 
  0.0697214 -0.2648687 0.0886659 
  -0.05038091 -0.244132 0.1800299 
  -0.05358239 -0.221879 0.1073859 
  -0.04347891 -0.1991138 0.09063977 
  -0.05380289 -0.1768408 0.1208818 
  -0.04213113 -0.1541815 0.1121635 
  -0.006971351 -0.1309814 0.1693939 
  0.002486478 -0.1081915 0.07658794 
  -0.0008333374 -0.09693336 0.02242969 
  -0.006915463 -0.08631611 0.1230665 
  -0.03028112 -0.0759697 0.04123769 
  -0.05433961 -0.06211662 0.07459491 
  -0.08867782 -0.04806232 0.03414233 
  -0.04588613 -0.02431583 0.09659804 
  0.03518567 -0.0008182526 0.1647848 
  0.05293904 0.02197933 0.07715952 
  0.009461424 0.04454422 0.03168357 
  -0.009900713 0.06717968 0.1579928 
  -0.1748088 0.09017944 0.09348623 
  -0.386455 0.1531305 0.03062717 
  -0.6897842 0.1459951 -0.1057349 
  -0.6208355 0.1082745 -0.2363368 
  -0.5710357 0.0804472 -0.2184028 
  -0.5696785 0.03266907 -0.1708419 
  -0.5943667 -0.004907608 -0.1136303 
  -0.6855343 -0.01276684 0.05646221 
  -0.7429512 0.0381937 0.1183446 
  -0.727232 0.05838966 -0.0009302376 
  -0.7349451 0.06846046 -0.1033091 
  -0.6564645 0.03875542 -0.1920995 
  -0.5994267 0.009202957 -0.09460336 
  -0.6440476 -0.03060913 -0.2517523 
  -0.765617 -0.06052685 -0.1057241 
  -0.6875107 -0.09044647 -0.1780811 
  -0.55009 -0.1203556 -0.2099246 
  -0.6433672 -0.1599989 -0.1289284 
  -0.4684191 -0.1787205 -0.1631269 
  -0.3407942 -0.2051907 -0.1792925 
  -0.3628184 -0.2515755 -0.0631119 
  -0.1163068 -0.228097 0.1246861 
  -0.1811905 -0.1844187 0.2573607 
  -0.0305289 -0.1405993 0.2449423 
  -0.05505299 -0.09829521 0.1887451 
  -0.2524912 -0.05447006 0.2337173 
  -0.3414499 -0.02091503 0.279166 
  -0.05233175 0.02251434 0.1420633 
  -0.007203105 0.06621838 0.202747 
  0.05289748 0.1104059 0.1796434 
  0.03919222 0.1551247 0.1668588 
  0.02693773 0.2002544 0.1765922 
  0.01625642 0.245265 0.07940169 
  -0.001415311 0.2901258 0.2704182 
  0.03771667 0.3341866 0.1829727 
  0.05505997 0.3781052 0.132962 
  0.01932506 0.4206886 0.09918937 
  0.009657561 0.4524794 0.113051 
  0.04107635 0.4841166 0.1997935 
  0.06075438 0.5156527 -0.06220078 
  -0.1422496 0.5469456 -0.2285468 
  -0.3534341 0.3684855 -0.2607366 
  -0.5679963 0.3591061 -0.2096963 
  -0.7823978 0.339303 -0.07074666 
  -0.6316093 0.309103 -0.1236951 
  -0.5918402 0.2687521 -0.2067865 
  -0.8342745 0.2284536 -0.1343991 
  -0.971539 0.2185354 -0.1057893 
  -1.109753 0.2076635 -0.02557024 
  -1.078226 0.1956396 -0.06589411 
  -0.8187588 0.1828518 -0.05381782 
  -0.5194821 0.1605301 -0.05216151 
  -0.4130939 0.1288252 -0.1692307 
  -0.1307947 0.06035614 -0.02797189 
  -0.1175554 0.09238911 0.02334469 
  -0.09294501 0.1246738 0.07910742 
  -0.3679258 0.1471624 -0.0879223 
  -0.3719358 0.1098661 -0.02496989 
  -0.3848698 0.06243229 -0.215596 
  -0.6215119 0.01462746 -0.1966649 
  -0.6027862 -0.03282928 -0.2849854 
  -0.4551772 -0.100214 -0.04600928 
  -0.4881134 -0.0983572 0.0315905 
  -0.8556442 -0.05574131 0.134228 
  -1.063188 -0.03493595 0.2108079 
  -0.4499762 -0.001520157 -0.05700349 
  -0.3513674 -0.008058548 -0.1646849 
  -0.2357514 -0.1042213 -0.2096863 
  -0.5971847 -0.1222734 -0.1394647 
  -0.9753851 -0.1197166 0.08120313 
  -0.7863547 -0.1066322 0.03448787 
  -0.827237 -0.09331512 0.0763495 
  -0.5800169 -0.07009125 0.09193272 
  -0.5744765 -0.05661583 0.1106039 
  -0.7421399 -0.0428257 -0.01331878 
  -0.7862365 -0.06911278 -0.0608593 
  -0.9669435 -0.07631302 0.02684063 
  -0.7846717 -0.0637989 0.05691585 
  -0.6315866 -0.030056 0.1561483 
  -0.6825921 -0.01568413 0.0510275 
  -0.6492387 -0.01280212 0.05810029 
  -0.6976372 -0.0307169 -0.03800003 
  -0.5575046 -0.03898907 -0.08006857 
  -0.4112416 -0.04722404 0.04725931 
  -0.2363494 -0.04478264 0.000929198 
  -0.1454513 -0.03201866 0.02169759 
  -0.2390473 -0.01907921 0.0666808 
  -0.3016214 -0.006527901 0.02335435 
  -0.1496431 0.005590439 0.1274729 
  0.004892107 0.01733303 0.02483827 
  0.001193281 0.03874969 0.008658953 
  -0.02247639 0.05976963 0.1582916 
  -0.07281888 0.07032776 0.05176457 
  -0.09321857 0.08043766 0.08312676 
  -0.02859131 0.08030224 0.1361511 
  -0.3300498 0.1798506 0.1246049 
  -0.3784326 0.148551 -0.06099137 
  -0.4786006 0.1231871 -0.07559649 
  -0.6005139 0.08785057 -0.2915965 
  -0.2509609 0.01250553 -0.1363892 
  -0.6998916 -0.04287434 -0.07822944 
  -0.8145742 -0.05798244 -0.03891549 
  -0.8452026 -0.06252289 -0.1378993 
  -0.8786067 -0.06682873 0.006352355 
  -0.8061883 -0.07064438 -0.04600124 
  -0.7814519 -0.07407951 -0.01932791 
  -1.076096 -0.07692528 0.05514149 
  -0.8893536 -0.06935501 0.05592377 
  -0.7259199 -0.07156658 0.02949027 
  -0.5317206 -0.0729866 -0.08668078 
  -0.491335 -0.09313583 -0.1273196 
  -0.2839034 -0.1139078 -0.07576081 
  -0.1151741 -0.104269 -0.004534292 
  -0.05512715 -0.09501171 0.002598185 
  0.01831577 -0.095788 -0.06598002 
  0.009859139 -0.09590435 -0.05985055 
  -0.01130339 -0.09567642 0.03913033 
  -0.09749752 -0.09435654 -0.04072904 
  -0.03420506 -0.09008121 -0.05250793 
  -0.08975729 -0.0853653 0.02910909 
  -0.08389905 -0.08113384 -0.02952484 
  -0.1904222 -0.07742023 -0.079889 
  -0.1549284 -0.07372093 -0.0523265 
  -0.09508533 -0.06993294 0.02794845 
  -0.02430467 -0.06589031 -0.03813514 
  -0.03378865 -0.06086063 0.04708585 
  -0.002463462 -0.05510616 0.01843954 
  -0.3295069 -0.03049469 0.05374279 
  -0.6068625 -0.02689934 0.04355279 
  -0.834807 -0.0542202 -0.1349166 
  -0.9082847 -0.06157207 -0.1283221 
  -0.8863231 -0.07944489 -0.07584673 
  -0.642803 -0.09806156 -0.1032942 
  -0.5555865 -0.1071787 -0.09384377 
  -0.4959044 -0.116457 0.09946784 
  -0.6022878 -0.09523678 0.05888682 
  -0.6387779 -0.09456635 -0.100748 
  -0.4980856 -0.1046238 -0.09984571 
  -0.5895324 -0.134635 -0.03470387 
  -0.3478077 -0.1642075 -0.1112269 
  -0.6212596 -0.1935034 -0.1340209 
  -0.7438875 -0.1829414 -0.02819187 
  -0.7090459 -0.2026377 0.05870823 
  -0.463998 -0.1727495 0.1042081 
  -0.555223 -0.1634407 -0.0268416 
  -0.6682212 -0.184123 -0.0272878 
  -0.8310936 -0.2046881 -0.03966773 
  -0.6485487 -0.2151728 -0.08938073 
  -0.6235797 -0.2453003 -0.06730006 
  -0.7981444 -0.2653255 -0.04586898 
  -0.6641938 -0.2652464 -0.1308266 
  -0.5017683 -0.2656336 -0.01823608 
  -0.3907893 -0.256197 0.2074963 
  -0.239318 -0.2566166 0.1410573 
  -0.4172258 -0.2366199 0.1902623 
  -0.2660476 -0.2164583 0.08268124 
  -0.0294199 -0.19629 0.07093175 
  -0.007437066 -0.1664743 0.1119773 
  -0.001200733 -0.1367836 0.2132937 
  0.03090062 -0.1070023 0.1370939 
  0.1024128 -0.07700443 0.1109936 
  0.0734251 -0.04704094 0.09055176 
  0.03527327 -0.01711464 0.1228885 
  0.03556387 0.0128231 0.08222971 
  0.02541451 0.04276657 0.1048845 
  0.0007413481 0.07270908 0.1060596 
  -0.04090499 0.102644 0.2614234 
  -0.04057972 0.1325941 0.2643162 
  0.0302924 0.1625605 0.1917694 
  -0.101119 0.1825924 0.3241493 
  -0.08945979 0.2624092 0.3970531 
  -0.3275599 0.3229856 0.2320822 
  -0.8009549 0.3837452 0.1322804 
  -0.8116159 0.395277 0.2310331 
  -0.8941904 0.4170446 -0.01076262 
  -0.9287432 0.4271116 0.04479511 
  -0.9699307 0.4169426 -0.1050923 
  -0.8716527 0.3965902 -0.05029806 
  -0.879226 0.3662462 -0.2099951 
  -0.9463632 0.3358879 -0.1616793 
  -0.8652105 0.3154945 -0.1089948 
  -0.8627203 0.2751389 -0.142888 
  -0.8650681 0.2447348 -0.1027391 
  -0.7388508 0.2344542 0.03876592 
  -0.4597893 0.2540913 0.02172029 
  -0.2180189 0.2937355 0.05221244 
  -0.3679566 0.2932072 -0.007017693 
  -0.2647282 0.2930546 0.06341957 
  -0.3462193 0.2930422 -0.02202334 
  -0.3669355 0.283061 -0.09195386 
  -0.217003 0.2730846 -0.08641631 
  -0.0537784 0.2528563 -0.1153841 
  -0.009451155 0.2310181 -0.1330843 
  0.012647 0.19911 -0.09956242 
  -0.003425316 0.1680489 -0.04823186 
  -0.1343508 0.1376123 -0.2459837 
  -0.04906217 0.1075497 -0.2877647 
  -0.2186623 -0.02213478 -0.2992591 
  -0.2993852 -0.05167294 -0.2408322 
  -0.3937858 -0.0708456 -0.1259965 
  -0.4962829 -0.1394291 -0.181613 
  -0.6733912 -0.1579514 -0.05180728 
  -1.094893 -0.1465588 -0.0552783 
  -1.037139 -0.1651955 -0.1303355 
  -0.9452989 -0.1838884 -0.05890942 
  -0.6901686 -0.1929188 -0.05600637 
  -0.5293128 -0.1924458 0.0289376 
  -0.290935 -0.2029638 -0.07786017 
  -0.1033387 -0.2042599 0.03658632 
  -0.05150992 -0.2058439 -0.07756872 
  -0.02244303 -0.2173681 -0.08363029 
  -0.02105473 -0.2291174 -0.00659303 
  -0.05658007 -0.2410059 -0.04498343 
  0.06805274 -0.2426624 0.02954524 
  -0.03631541 -0.245368 0.009902311 
  -0.0237014 -0.2463083 -0.004974052 
  0.02550969 -0.2504435 -0.0486274 
  0.02253266 -0.2547493 -0.03317252 
  -0.01169275 -0.2596569 -0.05660742 
  -0.04263762 -0.2624159 -0.001885726 
  0.05037302 -0.2665844 0.03378601 
  0.0416723 -0.2722168 0.006022795 
  0.006397862 -0.278224 -0.02609793 
  -0.0137453 -0.2892704 -0.04619826 
  0.001297732 -0.3068085 0.05365099 
  -0.03788036 -0.3333511 -0.05971975 
  -0.02348932 -0.3616228 0.05530995 
  -0.05451106 -0.3882561 0.06210767 
  -0.01168287 -0.4108934 0.08424737 
  0.00425618 -0.4296789 0.009093289 
  -0.008712978 -0.4267769 0.1006329 
  -0.0159797 -0.4180584 0.0660511 
  -0.006899082 -0.4083128 -0.019018 
  -0.03208407 -0.3991547 0.03651176 
  -0.08747019 -0.3992987 0.0216728 
  -0.1404061 -0.3995094 0.05614961 
  -0.07938966 -0.3997726 0.09380747 
  -0.03032452 -0.3999033 0.04197282 
  0.005180899 -0.4005814 -0.05701925 
  -0.02090048 -0.4006767 -0.06194239 
  -0.03256181 -0.4106894 -0.006262634 
  -0.0172122 -0.4206953 -0.02288999 
  -0.04032623 -0.4207468 -0.007369338 
  -0.04416046 -0.4208603 0.096614 
  -0.08138401 -0.4209223 0.07024653 
  -0.02063055 -0.4212952 -0.04250373 
  -0.03545183 -0.4235277 -0.005149021 
  0.02355494 -0.4242468 -0.0382998 
  -0.001284154 -0.420867 0.03278716 
  0.04611606 -0.407753 0.0784111 
  0.034094 -0.3929262 0.04713976 
  0.03850604 -0.3772202 0.06759487 
  0.02743907 -0.3601046 0.01353693 
  0.0248326 -0.342207 -0.01894314 
  -0.03240416 -0.3252239 0.0983037 
  -0.05096973 -0.3044748 0.1423194 
  -0.05921681 -0.2843351 0.1905029 
  -0.05864115 -0.268259 0.07063971 
  -0.01858103 -0.2516317 -0.0351489 
  -0.03070654 -0.235796 0.04228435 
  0.04224845 -0.2128439 0.1079431 
  0.06174769 -0.1924696 5.145557e-05 
  0.09527814 -0.1710157 0.06183103 
  0.08413024 -0.1504211 0.07430466 
  -0.02330061 -0.1390018 0.1733197 
  0.02476905 -0.1275272 0.05219698 
  -0.2989178 -0.04737759 0.1477323 
  -0.5953186 -0.02730751 0.04689165 
  -0.8384576 -0.02722359 0.009811413 
  -0.5821709 -0.05712223 -0.1208884 
  -0.5481782 -0.08703709 -0.07317996 
  -0.5177558 -0.1069326 -0.08436836 
  -0.6586525 -0.1169014 -0.05459416 
  -0.6424407 -0.1371098 -0.1005168 
  -0.6859463 -0.1578312 -0.09312067 
  -0.5987105 -0.189662 -0.08612444 
  -0.6432716 -0.2049217 -0.03963004 
  -0.7203401 -0.2132683 -0.05351096 
  -0.7656828 -0.2220345 -0.03968235 
  -0.6955521 -0.2420588 -0.01663442 
  -0.6012743 -0.2733603 -0.06338792 
  -0.4957078 -0.2955847 -0.07265875 
  -0.3766581 -0.3260918 0.009342055 
  -0.2815341 -0.338254 0.08502433 
  -0.1768858 -0.3085976 0.2606834 
  -0.07505768 -0.2587214 0.2333329 
  0.004661502 -0.1986933 0.2218216 
  -0.0543264 -0.1286726 0.3309493 
  0.0850457 -0.05887508 0.3115523 
  0.03363547 0.01075363 0.2971767 
  -0.009936286 0.08056068 0.3297292 
  0.005658625 0.1503983 0.3279932 
  0.00110239 0.2201977 0.256847 
  -0.004630456 0.2901373 0.3462956 
  -0.05031253 0.3600273 0.2749231 
  -0.1332058 0.4298697 0.3874975 
  -0.1677919 0.4996958 0.3824417 
  -0.07982071 0.5795698 0.364729 
  -0.3475954 0.6594582 0.2146234 
  -0.4499668 0.6495371 0.1112687 
  -0.6224522 0.6696396 0.03834288 
  -0.8301132 0.7096357 0.1352864 
  -0.9124631 0.7497931 -0.007407619 
  -0.868882 0.7599258 0.04666712 
  -0.7417358 0.7502413 -0.01115713 
  -0.2859361 0.7404308 -0.1518762 
  -0.01552451 0.7207174 -0.05707249 
  -0.0699981 0.6909046 -0.1555231 
  -0.1788191 0.6610126 -0.2043153 
  -0.05840709 0.6310577 -0.1523404 
  -0.07300163 0.601018 -0.09928469 
  -0.01370236 0.5707664 -0.1765217 
  -0.01386045 0.5406942 -0.1373428 
  -0.1835694 0.5107231 -0.141904 
  0.0385836 0.4807835 -0.1853716 
  0.0165203 0.4508286 -0.1842478 
  0.02108094 0.420845 -0.1527755 
  0.02797165 0.3908854 -0.03519297 
  -0.07306142 0.3608761 -0.1513555 
  -0.04994454 0.330842 -0.03392805 
  -0.1804072 0.3006945 0.04460887 
  -0.3538923 0.3704681 -0.008347845 
  -0.2914972 0.3703918 0.01743699 
  -0.2354045 0.3703365 -0.4726303 
  -0.3851328 0.1806898 -0.5609322 
  -0.312784 0.08977032 -0.5785746 
  -0.3771005 -0.004668236 -0.3737107 
  -0.5174602 -0.08922482 -0.3146674 
  -0.5222365 -0.1531992 -0.3853054 
  -0.4075167 -0.2365646 -0.2744633 
  -0.6941885 -0.2994862 -0.1827428 
  -0.6032767 -0.3123884 -0.120702 
  -0.4039533 -0.3340015 -0.1929537 
  -0.4191358 -0.4045916 -0.09302856 
  -0.3962364 -0.3952589 -0.01612101 
  -0.2702452 -0.3756924 0.1187961 
  -0.05924964 -0.3359308 0.06144148 
  -0.07802121 -0.3358574 0.05067129 
  -0.06305772 -0.3356447 0.04958655 
  -0.1485676 -0.3254089 0.051351 
  -0.1015833 -0.3252802 -0.04892175 
  -0.01612512 -0.3256025 0.06077338 
  0.06516275 -0.3169355 -0.001242071 
  0.06094229 -0.3207722 0.09320112 
  0.02481836 -0.3252678 0.05055305 
  0.007649205 -0.3303156 -0.01763142 
  0.03543012 -0.3361349 0.03694164 
  0.007639954 -0.3313951 0.06040694 
  0.04714127 -0.3375673 0.0252408 
  0.03332042 -0.3441067 0.102783 
  0.07639412 -0.3528614 0.004844564 
  0.06658579 -0.3620605 -0.06796899 
  0.06904057 -0.3719921 0.04355263 
  0.06319357 -0.3821373 0.03809798 
  -0.02577012 -0.3920317 -0.02888518 
  0.04046011 -0.4011869 0.03628614 
  0.04493951 -0.4098673 0.05495169 
  0.02791588 -0.4159546 0.01048706 
  -0.002776451 -0.4178562 -0.02658741 
  -0.02228444 -0.4176264 0.008375026 
  0.05677062 -0.4164352 -0.05266965 
  0.08205025 -0.414917 0.04447983 
  0.08521097 -0.4131556 0.03327407 
  0.05518212 -0.4114199 -0.02020667 
  0.02810747 -0.4096136 0.1115855 
  0.03802326 -0.3981647 0.1042881 
  0.03923997 -0.3869934 -0.02967968 
  0.02371143 -0.3767824 0.01940001 
  0.07613136 -0.3667688 0.1006817 
  0.05547404 -0.3567934 0.05781299 
  0.06521936 -0.346818 0.0802116 
  0.07665184 -0.3367262 0.01990025 
  0.08819471 -0.3264503 -0.02347181 
  0.06858955 -0.3163576 0.08165492 
  0.0618681 -0.3037796 0.05303518 
  0.09126411 -0.2883978 -0.01534163 
  0.09670139 -0.2682934 0.09461863 
  0.121651 -0.2468414 0.01613292 
  0.12227 -0.2241259 0.05142237 
  0.1290033 -0.2006302 0.08496344 
  0.110443 -0.1770172 0.1106664 
  0.1279569 -0.1649113 0.05208049 
  0.1086625 -0.154438 0.01522525 
  0.07054609 -0.143487 0.04656723 
  0.05539438 -0.1322393 -0.003281147 
  0.1124272 -0.1220226 0.09918045 
  0.1274545 -0.1119528 0.07698733 
  0.0914463 -0.1019249 0.08142329 
  0.04344938 -0.09145927 0.1171518 
  0.004410403 -0.08001804 -0.03968901 
  0.06100136 -0.06845474 -0.02039829 
  0.0645142 -0.05749416 0.06623648 
  0.09202372 -0.0471735 -0.004166863 
  0.04163093 -0.03534412 0.05443942 
  0.08023755 -0.02257919 0.09756598 
  0.05457788 -0.01010704 0.05607461 
  0.04692734 0.002264023 0.1421006 
  -0.02579675 0.01595116 0.06324619 
  -0.0271452 0.02862644 0.1287717 
  -0.1502327 0.05188465 0.1806869 
  -0.3536914 0.08549595 0.07986348 
  -0.7006285 0.1182098 0.0933315 
  -0.8539914 0.1305962 -0.02125758 
  -1.016543 0.1219177 0.001586659 
  -1.166901 0.1126423 -0.0641877 
  -1.095739 0.1037302 -0.05541191 
  -0.8758242 0.1018057 0.04237068 
  -0.4276095 0.119792 -0.1242141 
  -0.3750995 0.08000088 -0.1091099 
  -0.4817916 0.03904819 -0.1213977 
  -0.6182423 0.01794147 -0.06643341 
  -0.5962172 0.007584572 -0.04527232 
  -0.7041093 -0.002837181 -0.02620224 
  -0.8967484 -0.01397991 -0.04793086 
  -0.9965039 -0.01604462 0.05557674 
  -0.7053242 -0.009144783 0.1267055 
  -0.6171282 0.007007599 0.1249677 
  -0.6922842 0.02254295 0.1150514 
  -0.7060435 0.03760052 0.0363633 
  -0.6619951 0.05212784 0.2238523 
  -0.7073179 0.05645084 0.04988838 
  -0.8461357 0.07064342 -0.03329992 
  -0.6104073 0.04506397 0.03959304 
  -0.5290498 0.0297451 0.05830932 
  -0.4508368 0.03460979 0.06574202 
  -0.7527477 0.0802393 0.04869942 
  -0.8455895 0.08801746 0.1410539 
  -0.9682452 0.09760094 -0.02703257 
  -1.03399 0.09668064 -0.04976547 
  -0.6252223 0.0865078 -0.08514241 
  -0.5374269 0.04655647 -0.09253692 
  -0.5933576 0.02657604 -0.0979768 
  -0.753486 0.00658989 -0.06558395 
  -0.8292704 -0.01337719 -0.02707561 
  -0.8772829 -0.02334881 0.02734134 
  -0.8580376 -0.02308178 -0.046717 
  -0.8706394 -0.02221012 -0.03603526 
  -0.8724438 -0.03006554 -0.05136345 
  -0.6093544 -0.03735256 -0.01466419 
  -0.5522898 -0.05467129 -0.00781175 
  -0.5136967 -0.04241276 0.04021889 
  -0.5249208 -0.02155304 0.1010026 
  -0.3069131 -0.01154137 0.1234792 
  -0.2051868 0.0288372 0.247326 
  -0.027174 0.08915806 0.3209445 
  0.07648635 0.1500692 0.3513788 
  0.07906222 0.2215157 0.2088903 
  0.04484698 0.281642 0.1346085 
  0.01053995 0.3215408 0.07791834 
  -0.03623027 0.3514509 -0.2664881 
  -0.2155606 0.2117682 -0.2916305 
  -0.3172417 0.1019745 -0.4543937 
  -0.5076487 0.07197666 -0.2554685 
  -0.6400316 0.0419178 -0.1606021 
  -0.7324461 0.01186848 -0.04119553 
  -0.8398132 -0.008209229 -0.1070345 
  -0.9396504 -0.01825428 -0.06035336 
  -0.6534178 -0.03832722 -0.1805052 
  -0.5318109 -0.06830692 -0.1970381 
  -0.4307631 -0.08815002 0.0643937 
  -0.2112959 -0.1177807 0.1311962 
  -0.2519682 0.001828194 0.08813367 
  -0.5435941 -0.01823616 -0.01681154 
  -0.5355688 -0.04832363 -0.1900792 
  -0.5954094 -0.07838154 -0.2252832 
  -0.5649502 -0.1184034 -0.2641493 
  -0.3941971 -0.1683044 -0.2181826 
  -0.2320212 -0.228076 -0.02431006 
  -0.4458294 -0.2180328 -0.04168535 
  -0.5584496 -0.2080755 0.05725241 
  -0.5313975 -0.2080002 -0.01745464 
  -0.503087 -0.2077217 0.03251668 
  -0.5022836 -0.2173252 0.01995371 
  -0.4678158 -0.217164 0.05323358 
  -0.6335013 -0.217186 -0.03592271 
  -0.8357721 -0.2172995 0.08475547 
  -1.029548 -0.2073317 -0.01924572 
  -1.166845 -0.2066746 0.03233411 
  -1.163078 -0.2058363 0.02028472 
  -1.261356 -0.2150211 0.025068 
  -1.311544 -0.2143965 0.03753703 
  -1.283482 -0.2138786 0.03883459 
  -1.21839 -0.2033558 0.1304559 
  -1.071926 -0.1830473 0.04362339 
  -0.9660512 -0.1530104 0.2441698 
  -0.8745373 -0.1131306 0.1892424 
  -0.8259575 -0.06341171 0.2612505 
  -0.8128062 -0.01280308 0.2484085 
  -0.7863126 0.03798771 0.4323805 
  -0.6723697 0.1088238 0.2616666 
  -0.6640819 0.1797619 0.2992913 
  -0.756133 0.2410326 0.346327 
  -0.7381638 0.3027124 0.2813359 
  -0.7591209 0.3447304 0.2214819 
  -0.7711409 0.3968678 0.1402057 
  -0.936244 0.4279785 0.119842 
  -1.070403 0.4486475 0.04219828 
  -1.128139 0.449482 0.04507879 
  -1.007887 0.4401093 -0.06425888 
  -0.835743 0.4305677 -0.1968184 
  -0.6191568 0.3910456 -0.2038387 
  -0.4579682 0.3324528 -0.3788081 
  -0.2652937 0.2542906 -0.2184816 
  -0.4094697 0.207015 -0.2367794 
  -0.2314067 0.1699553 -0.1859569 
  -0.1415258 0.1336803 -0.2556978 
  -0.01799504 0.09637356 -0.1950718 
  0.01789314 0.05767345 -0.1597446 
  -0.01142021 0.01844311 -0.2021851 
  0.05005249 -0.02100754 -0.2132329 
  -0.3579579 -0.03063011 -0.1227039 
  -0.4355927 -0.1001081 -0.28862 
  -0.5992168 -0.1496201 -0.1712744 
  -0.6279067 -0.199254 -0.2563182 
  -0.5443541 -0.2290411 -0.1519267 
  -0.4813706 -0.2590609 -0.1950104 
  -0.3424353 -0.2889824 -0.03895542 
  -0.09080444 -0.2688341 0.1512791 
  -0.2844784 -0.2488136 0.1768635 
  -0.3031304 -0.2288008 0.1895293 
  -0.3979931 -0.2088451 0.08424099 
  -0.4775007 -0.1888485 0.03610714 
  -0.2765994 -0.1788235 0.0643322 
  -0.1375586 -0.1688452 0.1207209 
  -0.07641606 -0.1589003 0.08739738 
  -0.02293986 -0.1389666 0.1377428 
  -0.02380432 -0.1294546 0.09350073 
  -0.03055253 -0.1218176 0.1234889 
  -0.04066265 -0.1051302 0.09556941 
  -0.06701942 -0.08827782 0.1305303 
  -0.1212705 -0.07176399 0.07702613 
  -0.120385 -0.05561352 0.08909814 
  -0.1035654 -0.03970814 0.06320685 
  -0.1920143 -0.02403831 0.1056856 
  -0.4110512 -0.01845169 0.07970154 
  -0.7094919 -0.02231407 -0.03949574 
  -0.8101519 0.004764557 0.0521682 
  -0.8264352 0.003026009 0.05959753 
  -0.9187227 0.01192188 0.01089544 
  -1.00041 0.01084328 0.01952515 
  -1.06742 0.009960175 0.0219104 
  -0.9850519 -0.00128746 -0.01151221 
  -0.9219946 -0.01204491 -0.1312929 
  -0.8855144 -0.01229477 0.08522776 
  -0.8014898 -0.003401756 -0.05578183 
  -0.7930126 -0.01459694 -0.06649272 
  -0.756501 -0.03604794 -0.08673202 
  -0.7292851 -0.0478096 0.1104967 
  -0.6002635 -0.02995205 0.0714957 
  -0.6558734 -0.01180744 -0.01193774 
  -0.8763001 -0.00464344 0.0309381 
  -0.890294 -0.00766468 0.01395648 
  -0.7574795 -0.0201931 -0.05519034 
  -0.4983082 -0.03255081 -0.001558776 
  -0.3757308 -0.05542564 0.04406797 
  0.01661436 -0.02890491 0.1263646 
  -0.1745449 0.007591248 0.1945756 
  -0.02068858 0.04391193 0.153351 
  0.005272038 0.09022903 -0.1584362 
  -0.06580546 -0.002900124 -0.2183576 
  -0.118991 -0.05579758 -0.2101037 
  -0.2667571 -0.1080017 -0.2602104 
  -0.8844201 -0.1592808 -0.2311518 
  -1.037276 -0.1902952 -0.08507749 
  -1.023534 -0.2105742 -0.1737303 
  -1.035047 -0.2197771 -0.07117164 
  -1.036883 -0.2378139 -0.1037987 
  -1.005008 -0.2547493 -0.09738646 
  -0.8744755 -0.2606039 -0.07899251 
  -0.6010185 -0.2656193 0.01334974 
  -0.3725742 -0.2695818 -0.07224965 
  -0.178776 -0.2627926 -0.04984973 
  -0.02646421 -0.2553883 -0.08061036 
  0.02509029 -0.2477093 -0.005777399 
  -0.01066908 -0.2299528 0.01367911 
  -0.04610859 -0.2121019 0.05764289 
  -0.1284234 -0.2051067 0.02695594 
  -0.2871228 -0.1914129 -0.07736184 
  -0.444317 -0.2007818 -0.04896688 
  -0.449387 -0.2290363 -0.1278373 
  -0.5432012 -0.2586737 -0.02564382 
  -0.4642912 -0.2785397 0.004657186 
  -0.2831151 -0.2785358 -0.01275743 
  -0.05730741 -0.258584 0.03443952 
  -0.04200886 -0.2386332 0.2006163 
  0.04781743 -0.2186909 0.03342403 
  0.02810831 -0.1990185 0.05951678 
  0.04771826 -0.1802969 0.07471541 
  -0.01929451 -0.1636333 0.155271 
  -0.08462413 -0.1482191 0.08982328 
  0.02864877 -0.1329231 0.1588769 
  -0.002772346 -0.1171913 0.0505713 
  0.007576677 -0.09901142 0.1909307 
  0.03762525 -0.07917976 0.09802298 
  0.04896679 -0.06017017 0.07740645 
  0.01931868 -0.04126263 0.135531 
  -0.001624661 -0.02348137 0.1501082 
  -0.1306595 -0.006947517 0.2298588 
  -0.1496526 0.01229572 0.06153547 
  -0.1368738 0.04205704 0.2963597 
  -0.1194197 0.08189297 0.4320735 
  -0.2918678 0.311307 0.3908253 
  -0.4659424 0.3112936 0.2163487 
  -0.7431194 0.3013029 -0.08205607 
  -0.9455079 0.281333 -0.04757934 
  -0.9944225 0.2813005 -0.006972338 
  -1.11845 0.2912083 -0.03323092 
  -1.109365 0.3011303 -0.001917452 
  -1.117566 0.3010979 0.02598272 
  -0.8804134 0.2910557 -0.1413679 
  -0.638024 0.27073 -0.1431407 
  -0.5725691 0.2399006 -0.1468121 
  -0.4998748 0.1897955 -0.2977521 
  -0.4441784 0.1297026 -0.3058902 
  -0.4977334 0.05987835 -0.3986272 
  -0.291208 -0.009946823 -0.3743582 
  -0.06225324 -0.08974743 -0.465816 
  -0.01863544 -0.1797991 -0.4476742 
  0.01369906 -0.2701492 -0.4781963 
  -0.2389973 -0.3405848 -0.1753332 
  -0.3322501 -0.3908043 -0.155379 
  -0.2739579 -0.401454 -0.1276671 
  -0.1497173 -0.4127846 -0.08205768 
  0.01664126 -0.4145536 -0.03461753 
  -0.00899954 -0.4356298 -0.04894087 
  -0.08158991 -0.4461784 -0.06372523 
  -0.07563251 -0.4564209 -0.01313383 
  -0.221755 -0.456708 -0.02233398 
  -0.2615443 -0.4574108 0.01851281 
  -0.1620147 -0.4482603 0.005761063 
  -0.02168341 -0.4389439 0.1127774 
  -0.0914903 -0.4489212 -0.003273922 
  0.03544965 -0.4588537 -0.08265065 
  -0.01925461 -0.4787979 -0.07944208 
  0.02940683 -0.4787931 -0.01874185 
  -0.01658489 -0.4688082 0.01161796 
  -0.1168805 -0.4688406 0.05317258 
  -0.1816102 -0.4692564 0.06910203 ]
