sw2006A_utt_033  [
  -0.9211555 -0.07424736 -0.01789857 
  -1.001102 -0.07536602 -0.01411597 
  -0.9989221 -0.08626842 -0.0008238107 
  -0.9264826 -0.08677101 -0.05589874 
  -0.8803756 -0.09746933 -0.008189277 
  -0.8452862 -0.09830761 0.0560791 
  -0.7976471 -0.108983 0.1018134 
  -0.7483158 -0.09903336 -4.077796e-05 
  -0.8729454 -0.07908535 -0.04412184 
  -0.9884638 -0.07908726 0.01544346 
  -1.074423 -0.08912373 0.01817357 
  -1.068267 -0.09016991 0.02873694 
  -1.000331 -0.08026028 0.02595631 
  -0.5072325 -0.08030033 -0.0140209 
  -0.5426115 -0.09033298 -0.09501069 
  -0.891807 -0.1004019 -0.02301655 
  -1.031553 -0.1004181 0.02218608 
  -0.9324136 -0.09088993 -0.03280525 
  -0.8614152 -0.08123875 0.03040667 
  -1.046679 -0.07150745 -0.007686 
  -1.00853 -0.0613203 0.04528599 
  -1.014871 -0.04094219 0.02174 
  -1.108172 -0.03055954 0.1457424 
  -1.131064 -0.02018738 0.005153678 
  -1.147111 -0.00982666 0.06602611 
  -1.10198 0.0003957748 0.08945991 
  -1.058782 0.02026463 0.2100337 
  -0.8878673 0.05016708 0.1352338 
  -0.7810963 0.09006119 0.1783637 
  -0.5967746 0.1099586 -0.004415873 
  -0.4398558 0.08000469 -0.05992581 
  -0.7073273 0.06002522 -0.03878707 
  -0.7457194 0.05000496 0.07623108 
  -0.6688148 0.06994438 0.08240505 
  -0.5958306 0.09985447 0.2105297 
  -0.4754359 0.1397467 0.2245224 
  -0.02564982 0.1792994 0.1451413 
  -0.07085699 0.2152891 0.03294157 
  -0.2516723 0.24156 -0.01347805 
  -0.3417308 0.1682138 -0.1897921 
  -0.685758 0.1151333 -0.1878921 
  -0.8895336 0.08207893 -0.1681475 
  -0.8580269 0.05907345 -0.04866875 
  -0.7716877 0.02628231 -0.2292553 
  -0.8528178 -0.005922318 -0.1039138 
  -0.8613878 -0.027318 -0.09104075 
  -0.7433615 -0.03832436 -0.04549482 
  -0.5760314 -0.04908276 -0.09857126 
  -0.4526882 -0.05971527 -0.06201033 
  -0.3794466 -0.08052731 -0.04787658 
  -0.8618096 -0.07181835 -0.09196867 
  -0.883794 -0.07337952 -0.03569708 
  -0.8258946 -0.09485817 -0.08842032 
  -0.8346882 -0.1259708 -0.09886817 
  -1.244182 -0.1667271 -0.09648628 
  -1.131516 -0.1673498 -0.02166663 
  -0.8836849 -0.167738 -0.003068462 
  -0.4529288 -0.1777544 -0.005560186 
  -0.1113969 -0.1677818 0.008890848 
  -0.03599819 -0.1677656 0.09232734 
  -0.2029949 -0.1278563 0.1826278 
  -0.7100556 -0.08767509 0.1138225 
  -0.8157446 -0.05654716 0.1632252 
  -0.6806149 -0.0251894 0.1639771 
  -0.8750204 0.01611519 0.1520701 
  -0.9021158 0.04741955 0.08482666 
  -0.8999894 0.07879066 0.1064386 
  -0.9179141 0.1102028 0.1143026 
  -0.9337173 0.1111355 -0.0551919 
  -1.026617 0.1014004 -0.1287752 
  -1.114518 0.09234428 -0.02680008 
  -1.114054 0.08306694 -0.0723268 
  -1.153141 0.07343864 -0.04085909 
  -1.192633 0.0734663 -0.1215851 
  -1.25316 0.06349087 -0.02891413 
  -1.040927 0.05351448 -0.08715934 
  -0.8198389 0.04255676 -0.0200499 
  -0.6905547 0.03157711 -0.1089428 
  -0.4485969 0.03046608 -0.00860712 
  -0.5313056 0.02933216 0.03763264 
  -0.6270453 0.02790356 0.02229336 
  -0.5370686 0.0257597 0.04175507 
  -0.129414 0.02318764 -0.01207689 
  -0.01331842 0.02160358 0.1028185 
  -0.01429684 0.03021812 0.06698861 
  -0.1817892 0.03911972 0.02332159 
  -0.5463607 0.04821777 0.06675151 
  -0.1703363 0.05741119 0.03720575 
  -0.1192422 0.06680202 0.06946316 
  -0.1503223 0.06663227 0.02644593 
  -0.1951424 0.06627178 0.1113471 
  -0.06053166 0.07566261 -0.03097473 
  -0.3369386 0.0951252 -0.1769454 
  -0.3524561 0.04484653 -0.0844819 
  -0.4732762 -0.01556778 -0.1902784 
  -0.5041507 -0.06613541 -0.178805 
  -0.522294 -0.08654499 -0.0004292931 
  -0.9636072 -0.07733727 0.03669222 
  -1.122097 -0.07792187 -0.003513112 
  -0.9637185 -0.07853985 0.03895282 
  -0.7007902 -0.0691309 0.08718218 
  -0.4720608 -0.03969669 0.118358 
  -0.1652093 -0.01007175 0.2026382 
  -0.04842582 0.01985455 0.1648383 
  -0.1496855 0.06017494 0.1934777 
  -0.08250774 0.1006651 0.1732285 
  -0.07207249 0.1407356 0.1140061 
  -0.08431727 0.1807375 0.1885221 
  -0.02383721 0.2206078 0.3041907 
  0.02673906 0.2607908 0.1590364 
  0.01367904 0.3018045 0.09853468 
  -0.2058455 0.3532352 0.01894795 
  -0.535709 0.3461418 -0.1373914 
  -0.5941299 0.2899914 -0.1348283 
  -0.8205197 0.264472 -0.1174872 
  -1.050429 0.2493029 0.04522051 
  -1.018293 0.254777 0.02516915 
  -1.010577 0.2595892 -0.03140973 
  -0.8349587 0.2532396 -0.1367152 
  -0.6556976 0.213851 -0.1511685 
  -0.6348628 0.1441298 -0.2316581 
  -0.8707475 0.1040688 -0.1216618 
  -0.7547539 0.08385563 -0.04015826 
  -0.7280858 0.07362461 0.05568788 
  -0.8082663 0.09378242 0.1944219 
  -0.7583986 0.1345873 0.08714183 
  -0.9258499 0.1647272 -0.01209369 
  -0.984321 0.1642742 -0.03207494 
  -0.9225753 0.1334534 -0.2148807 
  -0.9298478 0.1022968 -0.1585144 
  -0.6769136 0.0805521 -0.08485235 
  -0.5914284 0.05869579 -0.08384219 
  -0.3121117 0.03672886 -0.07383668 
  -0.313471 0.01545811 -0.09405882 
  -0.2348965 -0.005033493 -0.1422703 
  -0.1163438 -0.02570152 -0.141821 
  -0.3742365 -0.07657146 -0.1551087 
  -0.5710835 -0.1281662 -0.03187741 
  -0.9000343 -0.1394377 -0.1194429 
  -1.089837 -0.1402979 -0.114456 
  -1.14326 -0.1405134 -0.02666186 
  -0.8859105 -0.1500568 -0.01423974 
  -0.6862093 -0.1590595 -0.02111578 
  -0.461245 -0.1675234 0.02280618 
  -0.3031868 -0.1459532 0.03257293 
  -0.5475458 -0.1145153 0.1020641 
  -0.5618715 -0.0831852 0.1919432 
  -0.4861737 -0.05218029 0.1699165 
  -0.3079534 -0.01141548 0.1995966 
  0.01772104 0.02934837 0.2305662 
  -0.01158483 0.07006168 0.1913131 
  -0.03248633 0.1006746 0.04270215 
  -0.05690385 0.1211967 0.1413752 
  0.006919232 0.1515837 0.1894775 
  -0.01690295 0.181777 0.1272514 
  -0.2394526 0.212122 0.03669419 
  -0.403679 0.242569 -0.1096048 
  -0.4734495 0.2130804 -0.2444074 
  -0.3412637 0.1333008 -0.3993497 
  -0.4378812 0.06347847 -0.2993408 
  -0.7105363 0.01361084 -0.2204254 
  -0.8810827 -0.01625538 -0.1433137 
  -0.9427372 -0.02537346 -0.0550917 
  -0.9248117 -0.03433418 -0.01962444 
  -0.9573035 -0.042696 0.02165642 
  -0.8297454 -0.04076385 0.03992581 
  -0.8176963 -0.04875755 -0.06670579 
  -0.7974729 -0.05711842 -0.05196655 
  -0.6901312 -0.05530453 0.06307773 
  -0.5758673 -0.03377056 -0.001500067 
  -0.4620776 -0.0322752 0.02746986 
  -0.5778872 -0.02127838 0.1247341 
  -0.2735823 -0.02140045 -0.009496232 
  -0.3565632 -0.02151394 0.05254438 
  -0.2526229 -0.01092243 -0.05362072 
  -0.1848925 0.000459671 0.01308944 
  -0.1315073 0.01195431 0.1304636 
  -0.1142981 0.02360535 0.07137576 
  -0.06413236 0.03494835 0.03646264 
  -0.03997138 0.04624748 -0.01977857 
  -0.09375582 0.05735207 0.002369564 
  -0.05548973 0.06841278 0.01568284 
  0.1286356 0.07945156 -0.001580765 
  -0.2681256 0.09048271 -0.1369104 
  -0.3542998 0.04151344 -0.346745 
  -0.4479657 -0.03739738 -0.505596 
  -0.4013879 -0.1461639 -0.432538 
  -0.5736863 -0.2344532 -0.4139964 
  -0.6411438 -0.2898951 -0.2373965 
  -0.778183 -0.325695 -0.1227704 
  -0.8025481 -0.3516369 -0.1541449 
  -0.650938 -0.3677921 -0.09193586 
  -0.5606822 -0.373971 0.05886967 
  -0.489204 -0.3502254 0.1926509 
  -0.1494552 -0.2967539 0.2642857 
  -0.0913764 -0.233675 0.2389527 
  -0.03028548 -0.1712837 0.3150902 
  -0.06618179 -0.1091976 0.223366 
  -0.2110719 -0.0571909 0.2250205 
  -0.4089807 -0.03501701 0.07340389 
  -0.6542439 -0.03249264 0.1247765 
  -0.7058173 0.0005331039 0.1314928 
  -0.6571982 0.06378651 0.09828892 
  -0.7733571 0.08704185 0.1023629 
  -0.7443914 0.08995533 -0.00570626 
  -0.7795187 0.1024475 0.1053458 
  -0.8743124 0.1144562 -0.03858432 
  -0.9718189 0.1260958 0.09792046 
  -0.9484986 0.1263962 0.04695831 
  -0.9015655 0.1465673 -0.03305599 
  -0.9869146 0.1665802 0.008115121 
  -1.066054 0.1865244 0.02626326 
  -1.088783 0.1865931 0.02687615 
  -1.100938 0.1763945 0.03979958 
  -1.090654 0.1660767 -0.08771127 
  -1.00755 0.1457844 -0.1767577 
  -0.9926369 0.1155014 -0.1097277 
  -1.016826 0.09507275 0.01809235 
  -1.09473 0.07451725 -0.05241072 
  -1.112638 0.06408978 0.05101378 
  -1.099188 0.06328106 -0.01886823 
  -0.9137882 0.06152439 0.05564942 
  -0.7917409 0.07990265 0.03100913 
  -0.6234477 0.08860302 -0.01965933 
  -0.5452675 0.08732605 0.01724876 
  -0.4315307 0.0760603 0.06054498 
  -0.3460667 0.07479382 -0.04959317 
  -0.2105055 0.07375813 -0.03723423 
  -0.1839882 0.07294941 0.05043729 
  -0.2572626 0.07233715 -0.05599608 
  -0.4075651 0.07183552 0.05682725 
  -0.5085806 0.07170296 0.009880946 
  -0.4266323 0.07262897 0.08178717 
  -0.2287023 0.07416058 -0.01451644 
  -0.1053723 0.07451439 0.04532182 
  -0.1406936 0.06518745 -0.03716975 
  -0.2017916 0.05613899 -0.135302 
  -0.3380505 0.02686882 -0.209071 
  -0.5778685 -0.01237488 -0.2651674 
  -0.6769266 -0.06159401 -0.0318894 
  -0.7012034 -0.09086704 -0.1145942 
  -0.6435587 -0.1001053 0.004851127 
  -0.6014344 -0.07937717 0.05786812 
  -0.9027584 -0.05905819 0.04037777 
  -1.161552 -0.04873943 0.0394245 
  -1.136916 -0.0483551 0.08585527 
  -1.015839 -0.03822994 0.1184173 
  -0.3624684 0.001988411 -0.04089594 
  -0.3023261 -0.04786015 -0.1941666 
  -0.4491338 -0.08764362 -0.1187494 
  -0.891518 -0.08759975 -0.03684756 
  -0.9625856 -0.08757782 0.0248366 
  -0.9349195 -0.07758617 0.0512797 
  -0.8227393 -0.05763817 -0.0373013 
  -0.8328192 -0.05776882 0.1358397 
  -0.9320816 -0.03808594 0.005754419 
  -0.9098222 -0.03890324 -0.04639367 
  -0.9675943 -0.03946495 0.0159075 
  -0.9658701 -0.0397501 -0.02219225 
  -0.955519 -0.02987766 0.05683633 
  -0.849595 -0.02980423 -0.05089458 
  -0.7344842 -0.03990841 -0.03638408 
  -0.6719591 -0.070611 -0.1014996 
  -0.7323248 -0.07242775 -0.06070245 
  -0.8569489 -0.05484581 0.04157688 
  -0.8731941 -0.04758644 0.02698248 
  -0.8589601 -0.05048752 -0.05893838 
  -0.9120373 -0.05349255 -0.1293827 
  -0.9148645 -0.05631256 0.1021034 
  -0.9491647 -0.04837799 0.002769848 
  -1.072341 -0.05812836 -0.08811984 
  -1.054875 -0.05763626 -0.03888544 
  -1.051568 -0.05694294 0.02746783 
  -0.9571295 -0.06624413 -0.08441922 
  -0.8823974 -0.08555698 -0.09539606 
  -0.9237744 -0.09491348 -0.1362534 
  -1.010269 -0.1143284 -0.02188799 
  -1.05744 -0.1134615 0.04000733 
  -0.8988658 -0.10215 0.06431793 
  -0.7701184 -0.09085464 0.04479639 
  -0.6898235 -0.07990074 -0.01179271 
  -0.5494916 -0.05803108 0.06790709 
  -0.5424787 -0.04618835 0.1101197 
  -0.3298976 -0.03443146 0.09563339 
  -0.2900253 -0.01287842 0.01884179 
  -0.2869999 0.008852005 0.1155638 
  -0.2053033 0.03067207 0.1853799 
  -0.1251389 0.05284882 0.07927324 
  -0.1317319 0.07511425 0.07086631 
  -0.08036729 0.09755325 0.07339462 
  -0.02785106 0.1200361 0.125046 
  -0.06135194 0.1417284 0.07488885 
  -0.08855078 0.1628513 0.04052549 
  -0.1216905 0.1838808 0.1164639 
  -0.1183252 0.2046843 0.009658419 
  -0.3893531 0.2054567 -0.04435066 
  -0.5510729 0.196332 -0.05255079 
  -1.05522 0.1775751 -0.1126734 
  -1.121227 0.1693687 -0.04112331 
  -1.191704 0.1613989 0.00586011 
  -1.207443 0.1534004 -0.05640503 
  -1.162424 0.1551399 0.05258846 
  -1.071084 0.1367521 -0.03456937 
  -0.9886878 0.1179638 -0.04479526 
  -1.113555 0.09822845 -0.02516031 
  -1.170202 0.08946037 -0.04674583 
  -1.216285 0.08102131 -0.09983273 
  -1.249631 0.07192707 -0.08264165 
  -1.07618 0.06296158 -0.08812375 
  -1.034325 0.05392838 0.002254052 
  -1.003698 0.04509926 -0.05619161 
  -0.8750494 0.03600121 -0.1008608 
  -0.8253357 0.03679943 0.06600197 
  -0.8309331 0.02752113 -0.03176836 
  -0.8421143 0.01813698 -0.02619826 
  -0.7186528 0.008077621 -0.02349772 
  -0.6505533 -0.002419472 -0.02476858 
  -0.5704123 -0.02287769 0.006102907 
  -0.4257955 -0.002988815 0.01912579 
  -0.448467 0.007250786 0.1001853 
  -0.4073694 0.02755165 0.02973722 
  -0.5175306 0.04776192 0.06080176 
  -0.4046167 0.06788349 0.1322678 
  -0.2192077 0.08786583 0.01219573 
  -0.1323238 0.1074162 0.1073972 
  -0.1123019 0.1264334 0.0538592 
  -0.08515503 0.1446877 0.1896583 
  -0.03939337 0.162694 0.102742 
  -0.08905891 0.1803217 0.06336288 
  -0.226707 0.1977882 0.05945753 
  -0.32811 0.1552849 -0.1009394 
  -0.6443534 0.1129551 -0.1777802 
  -0.904088 0.08060551 -0.09268544 
  -0.9011758 0.05814362 -0.06628734 
  -0.7866123 0.04565048 -0.1202318 
  -0.6276667 0.03324509 -0.03906456 
  -0.5438644 0.04079056 0.002978875 
  -0.8529263 0.0582428 -0.01254186 
  -1.063044 0.04547405 -0.08275401 
  -1.064855 0.03246498 0.03571898 
  -0.7931544 0.01962566 -0.03446268 
  -0.6337277 0.007049561 -0.06347229 
  -0.430892 0.004590034 -0.0359659 
  -0.1278712 0.02250957 -0.09049885 
  -0.4208369 -0.008852959 -0.09230965 
  -0.5062601 -0.04118347 -0.1562559 
  -0.8614405 -0.05360317 -0.1250517 
  -0.8728983 -0.07518673 0.05904494 
  -0.7940464 -0.07596207 -0.1091973 
  -0.7859156 -0.07659912 -0.1013265 
  -0.7476854 -0.08736134 -0.05610216 
  -0.7993343 -0.09823036 0.0003834814 
  -0.6958712 -0.1092939 -0.07911833 
  -0.5548339 -0.1203804 -0.1032761 
  -0.4481611 -0.1414108 -0.04474966 
  -0.3317003 -0.1525354 -0.01610026 
  -0.6539636 -0.1441956 0.06246083 
  -0.813052 -0.1257372 0.1046089 
  -0.9593909 -0.1069031 0.02414941 
  -1.06895 -0.08718681 0.02956478 
  -1.06671 -0.08694649 0.007926874 
  -1.09162 -0.07623482 -0.05389362 
  -1.003396 -0.09521103 -0.03929017 
  -0.9495395 -0.1040487 -0.05779623 
  -0.7568896 -0.1326666 -0.02516439 
  -0.6292832 -0.1511583 -0.09390753 
  -0.3816571 -0.1596165 -0.06714516 
  -0.2000111 -0.1481457 -0.0605694 
  -0.2818418 -0.1367769 -0.04121799 
  -0.2218052 -0.1354761 0.04568204 
  -0.2165121 -0.1342802 0.06025907 
  -0.2825458 -0.1326876 0.09431624 
  -0.4670137 -0.1105843 0.01609567 
  -0.7120329 -0.1184406 0.06237721 
  -0.7923465 -0.1363592 -0.02280753 
  -0.8368378 -0.1444702 -0.1265767 
  -0.8573884 -0.1627264 -0.05625554 
  -0.6976548 -0.1710072 -0.07130599 
  -0.5047789 -0.189518 -0.1118382 
  -0.2439072 -0.1981421 -0.0588694 
  -0.4948377 -0.1969614 0.03060265 
  -0.519117 -0.1858873 0.06437726 
  -0.2358362 -0.174984 0.08368173 
  -0.4080389 -0.1643276 0.04268993 
  -0.5074047 -0.1535711 0.03488619 
  -0.7107984 -0.1524658 0.1015641 
  -0.7746594 -0.1215162 0.1402338 
  -0.7560006 -0.1105185 0.08674045 
  -0.9181175 -0.08945942 0.2022424 
  -0.9067824 -0.06840134 0.07259379 
  -0.822094 -0.03736782 0.08953951 
  -0.9067523 -0.01622581 0.04303604 
  -0.8514909 -0.02484894 -0.06874138 
  -0.8656089 -0.05348015 -0.07129705 
  -0.9096146 -0.07148552 -0.07093692 
  -0.8155761 -0.07084846 0.06483785 
  -0.720531 -0.06036758 0.06255035 
  -0.6662665 -0.04020786 0.06702402 
  -0.6018699 -0.01009464 0.1531121 
  -0.5886937 0.02989483 0.2526413 
  -0.5809712 0.07009125 0.2997898 
  -0.6548822 0.1301785 0.2152626 
  -0.5903917 0.1702118 0.2836063 
  -0.6205459 0.2204065 0.173615 
  -0.6937962 0.2504759 0.1074389 
  -0.855783 0.2607832 0.0948821 
  -0.8330504 0.2611284 -0.03435408 
  -0.7812854 0.2620802 0.06776783 
  -0.7893441 0.2727995 0.1284278 
  -0.8560906 0.2733965 -0.06718878 
  -0.8703315 0.2739382 0.0286855 
  -0.8308458 0.2743397 -0.03602339 
  -0.7323992 0.2747669 0.02122111 
  -0.6634397 0.2854853 -0.03804371 
  -0.8617747 0.3062143 -0.02130491 
  -0.8772994 0.3067913 -0.09479268 
  -0.8007621 0.2876759 -0.03761538 
  -0.6596539 0.2795916 -0.03041646 
  -0.5187275 0.2825136 0.06655128 
  -0.4292538 0.2843962 0.08298851 
  -0.6778224 0.2878618 0.01816133 
  -0.6316062 0.2976122 -0.04244548 
  -0.4600719 0.2934818 0.04694879 
  -0.2870149 0.2852669 -0.03430561 
  -0.1172698 0.2769575 -0.05567862 
  -0.02308363 0.2688026 -0.04044026 
  0.02804412 0.2593403 -0.04381273 
  -0.010239 0.2497215 -0.02153266 
  -0.02168185 0.2397776 -0.06097649 
  0.09893933 0.2297983 -0.126666 
  -0.2868151 0.221036 -0.1390479 
  -0.4952627 0.201499 -0.07823932 
  -0.9512815 0.1812487 -0.1194767 
  -0.814881 0.1563749 -0.08201152 
  -0.6780789 0.1130362 -0.2286117 
  -0.5503479 0.06365681 -0.2065677 
  -0.6222302 0.01408768 -0.05168986 
  -0.8653943 -0.003868103 -0.0896728 
  -0.7715907 -0.01854038 -0.1826151 
  -0.8381802 -0.03816032 -0.04451827 
  -0.9191467 -0.05841255 -0.003633685 
  -0.9598671 -0.06889915 -0.004759456 
  -0.9580044 -0.06912041 -0.009423583 
  -0.9598002 -0.05932999 0.03612439 
  -1.044162 -0.0501461 0.06763732 
  -1.154753 -0.04161835 0.07038351 
  -1.114753 -0.03249645 0.01245303 
  -1.129538 -0.02309799 -0.0468291 
  -1.127054 -0.01389885 0.03419641 
  -1.109981 -0.01477146 0.03444863 
  -1.171168 -0.005781174 -0.01271169 
  -1.137999 0.003098488 -0.05581455 
  -1.097032 0.001784325 -0.03153802 
  -1.036284 0.01034927 -0.03251137 
  -0.7369822 -0.001019478 0.0001292658 
  -0.7249088 -0.001584053 -0.03684918 
  -0.8142343 -0.002971649 -0.08249857 
  -0.7289701 0.005670547 -0.09261973 
  -0.4473606 -0.005120277 -0.0325473 
  -0.4847238 -0.0266552 -0.0861289 
  -0.7818995 -0.04856777 -0.1406439 
  -0.9736767 -0.05099583 -0.01951055 
  -0.9443161 -0.06308365 0.08197331 
  -0.9991633 -0.07483101 -0.1138412 
  -0.987151 -0.08597469 -0.01149272 
  -0.866579 -0.09690571 -0.06957778 
  -0.7929538 -0.1178131 -0.05758842 
  -0.7095324 -0.1485891 -0.2509599 
  -0.5368034 -0.19942 -0.1703005 
  -0.5508616 -0.2504473 -0.2662749 
  -0.3386658 -0.3111992 -0.4153594 
  -0.2810526 -0.3617601 -0.5317881 
  -0.02571305 -0.4720068 -0.581504 
  -0.01856683 -0.6717291 -0.5521934 
  -0.04208893 -0.7514038 -0.4084817 
  -0.1526088 -0.7707987 -0.1874858 
  -0.1325193 -0.7698174 -0.1061683 
  -0.08593789 -0.7979956 -0.1185114 
  -0.1575787 -0.8357935 -0.2696594 
  0.06565809 -0.9028435 -0.3500859 
  0.08181992 -0.969368 -0.3886054 
  -0.04503797 -1.035645 -0.3061346 
  0.005399129 -1.101762 -0.2944056 
  -0.009567967 -1.157839 -0.3576402 
  0.02122406 -1.213813 -0.3191305 
  0.03189151 -1.269989 -0.2792748 
  -0.008719487 -1.326434 -0.357957 
  0.001932205 -1.383002 -0.2593246 
  -0.02642362 -1.479399 -0.2515664 
  -0.06764027 -1.485561 -0.1723903 
  -0.02247147 -1.480971 -0.05968616 
  -0.1178293 -1.516143 0.05475692 
  -0.2449849 -1.511565 -0.08769192 
  -0.3079595 -1.497362 -0.1034939 
  -0.2654149 -1.504949 -0.04087374 
  -0.3270816 -1.53433 -0.1692902 
  -0.4684741 -1.571107 -0.1948671 
  -0.3886437 -1.597898 -0.2129544 
  -0.2534657 -1.626454 -0.07289438 
  -0.2441525 -1.657383 -0.127828 
  -0.2509266 -1.668801 0.09975085 
  -0.1462346 -1.630507 0.2912751 
  -0.1378724 -1.61225 0.4595019 
  -0.1079682 -1.384377 0.3832432 
  -0.1105108 -1.385928 0.2183113 
  -0.245333 -1.417396 -0.004459883 
  -0.1487782 -1.418548 0.1147002 
  -0.09731278 -1.378231 0.2627751 
  -0.3961887 -1.317442 0.2297746 
  -0.4301888 -1.257006 0.3740565 
  -0.1229234 -1.16738 0.5949998 
  0.06238818 -1.048438 0.5502485 
  0.1585326 -0.8999987 0.7113067 
  0.1901485 -0.7416735 0.8430955 
  0.1130395 -0.5835752 0.7939064 
  0.01692514 -0.425601 0.8502358 
  0.0239451 -0.2677469 0.9894264 
  -0.02796822 -0.1098928 0.8933716 
  -0.2283296 0.1677799 0.5495568 
  -0.4122972 0.1663866 0.2189961 
  -0.6614694 0.1453037 -0.03920905 
  -0.5119451 0.1145935 -0.08246344 
  -0.5323746 0.07399273 -0.08850042 
  -0.8320354 0.07364368 -0.01215839 
  -0.7917816 0.06388569 0.04326563 
  -0.8328229 0.05436134 -0.05169623 
  -0.8309331 0.05482292 -0.02402572 
  -0.8340042 0.05615234 -0.06246158 
  -0.8816061 0.05757809 -0.02681634 
  -0.8847967 0.06921768 0.03390137 
  -0.853146 0.07087803 -0.001477187 
  -0.6308194 0.07253742 0.08411997 
  -0.4675279 0.08441067 0.1597022 
  -0.5165424 0.126318 0.09372108 
  -1.069273 0.1479149 0.1593106 
  -1.206919 0.1587257 0.08119977 
  -0.7568735 0.1787024 0.03862069 
  -0.7230455 0.1787033 -0.04829701 
  -0.6569883 0.1585007 -0.08006723 
  -0.8023823 0.1181431 -0.04931864 
  -0.7854679 0.1177769 -0.07342646 
  -0.8618851 0.1472149 0.07791225 
  -0.8637002 0.1563549 0.1102173 
  -0.7953587 0.154953 -0.02368597 
  -0.6798181 0.142952 -0.09369129 
  -0.4493045 0.1300592 0.04246694 
  -0.3738309 0.1178455 -0.01659264 
  -0.3547565 0.1054268 -0.04663585 
  -0.2910645 0.09321117 -0.05398186 
  -0.250591 0.08051682 -0.127297 
  -0.2594858 0.05746078 -0.03449037 
  -0.1840967 0.0439291 -0.07777392 
  -0.01787035 0.03043079 -0.04065754 
  -0.0009275935 0.01701832 0.005635046 
  0.03424015 0.003326416 -0.1083741 
  0.01711172 -0.009939194 -0.1462921 
  0.01794036 -0.03288174 -0.03620946 
  -0.2600806 -0.05507469 0.04273732 
  -0.3478322 -0.0265379 0.05014491 
  -0.6064965 -0.007533073 0.174543 
  -0.5820284 0.01227951 0.09078881 
  -0.7939917 0.03219223 0.05698713 
  -0.7716413 0.04242611 0.1570064 
  -0.516116 0.05265999 0.1168199 
  -0.3618436 0.07268047 0.1479645 
  -0.08160166 0.1024399 0.09208727 
  -0.007347786 0.1323338 0.2188727 
  -0.03117489 0.1518698 0.02371178 
  -0.2264955 0.1602154 -0.03896781 
  -0.457078 0.1073542 -0.1846652 
  -0.6076406 0.08535194 -0.1974777 
  -0.8355405 0.05177498 0.02477854 
  -0.9437463 0.03100395 -0.00228783 
  -0.5625255 0.03449059 0.03552682 
  -0.6175105 0.05239964 0.141994 
  -0.576226 0.05049229 0.08424884 
  -0.6267564 0.04845524 0.09105386 
  -0.6380822 0.05777264 -0.04968291 
  -0.6417113 0.04719734 0.01328362 
  -0.704374 0.04684639 0.01122776 
  -0.738318 0.05646229 0.0247824 
  -0.79562 0.05480099 0.08887695 
  -0.8424859 0.05419064 -0.03003741 
  -0.8064322 0.06389236 -0.00498726 
  -0.7809608 0.05807686 -0.03263469 
  -0.8222229 0.06087875 -0.01418216 
  -0.8073215 0.05053902 0.05973595 
  -0.7610046 0.05037785 0.01332817 
  -0.7761928 0.03854275 -0.04869822 
  -0.7381995 0.03281784 0.03590176 
  -0.8375797 0.02250481 -0.1073908 
  -0.9509468 0.01257706 -0.07756468 
  -0.9020398 0.002626419 -0.00844121 
  -0.8455135 -0.007343292 -0.06605664 
  -0.7609913 -0.01724243 -0.194997 
  -0.6351692 -0.02686691 0.02466851 
  -0.6146371 -0.04622555 -0.09527519 
  -0.8993263 -0.04597759 -0.09043889 
  -0.8605694 -0.06604767 -0.1560611 
  -0.5889236 -0.1061287 -0.1811629 
  -0.4411097 -0.1562738 -0.1617093 
  -0.335895 -0.1965866 -0.06116686 
  -0.5143911 -0.2069941 0.09552614 
  -0.8878067 -0.1874857 0.06376653 
  -0.9168708 -0.1979141 -0.06003806 
  -0.8942613 -0.2082262 -0.03397778 
  -0.9347582 -0.2085552 -0.08044159 
  -0.8585446 -0.2288351 -0.08750731 
  -0.7471151 -0.2289581 -0.02970625 
  -0.653037 -0.228694 0.1224361 
  -0.4415593 -0.2181377 0.1238297 
  -0.1771116 -0.1675377 0.1591641 
  -0.2277224 -0.1166658 0.1730105 
  -0.4407337 -0.0857439 0.07127799 
  -0.5584784 -0.08487606 0.03804906 
  -0.6886799 -0.1045742 0.124106 
  -0.7779126 -0.1043425 -0.05519667 
  -0.37526 -0.0835638 0.1205301 
  -0.4577993 -0.06273746 0.08022938 
  -0.5442248 -0.04190254 0.2205253 
  -0.5096512 -0.0005626678 0.1933034 
  -0.6014237 0.04012871 0.2320047 
  -0.6057897 0.08092499 0.2225599 
  -0.6193203 0.1116781 0.1262055 
  -0.6641349 0.1520576 0.1337621 
  -0.8114387 0.1817598 0.1208155 
  -0.8914952 0.2013092 0.189741 
  -0.955595 0.2109938 0.1033127 
  -0.9778754 0.2206459 0.04227209 
  -1.102375 0.2299175 0.07235035 
  -0.9127507 0.2199087 -0.0838995 
  -0.6473778 0.1994476 -0.1321737 
  -0.5943929 0.1592436 -0.1465928 
  -0.5048846 0.1190529 -0.1802599 
  -0.4956367 0.06882477 -0.3620654 
  -0.284099 0.007815361 -0.3408812 
  -0.239232 -0.08396626 -0.3700134 
  -0.3667494 -0.1449938 -0.2293639 
  -0.3105424 -0.1988831 -0.2410615 
  -0.2085632 -0.2326469 -0.1863667 
  -0.04583673 -0.3359575 -0.05569845 
  -0.04425797 -0.3006525 0.05610967 
  -0.03710067 -0.2764893 0.2922055 
  -0.1487351 -0.2231035 0.1677904 
  0.02804964 -0.2199144 0.08652058 
  0.006581464 -0.2270861 0.02742524 
  -0.0248177 -0.2344122 -0.004626613 
  0.03250157 -0.2521515 0.03113634 
  0.01159218 -0.2698917 -0.07904461 
  0.008098196 -0.2872114 0.005448502 
  -1.798933e-05 -0.3033266 0.07907144 
  -0.04406836 -0.3179846 -0.1041719 
  -0.06467758 -0.3323526 -0.006829281 
  -0.0304725 -0.3460207 -0.08700154 
  0.01914616 -0.3595371 -0.03984243 
  -0.03446281 -0.3733416 -0.08651561 
  -0.01156341 -0.385272 0.06723817 
  0.01427869 -0.4013348 0.01558355 
  0.05344648 -0.4171171 0.03846832 
  0.01104414 -0.4320307 -0.04035334 
  0.03367521 -0.4464912 0.01579534 
  0.0315593 -0.4605188 -0.03448981 
  0.01497853 -0.4744005 -0.06997058 
  0.0171274 -0.4879894 -0.1331361 
  -0.02359176 -0.5012541 -0.006660557 
  -0.03084183 -0.5037003 0.03141848 
  -0.08292899 -0.505434 0.05016033 
  -0.05879373 -0.5077543 -0.01184691 
  -0.02477582 -0.5105238 0.1047312 
  -0.01097617 -0.5134382 0.1060263 
  0.001554407 -0.5161972 -0.05098477 
  -0.01976327 -0.5187101 0.01712096 
  -0.06648365 -0.5210133 0.0432307 
  -0.04596239 -0.523633 0.04379284 
  -0.009005303 -0.5268335 0.01995292 
  0.04922648 -0.5305586 0.01133777 
  0.03215254 -0.5333462 0.1051395 
  0.02112675 -0.5350075 -0.04048996 
  -0.02209768 -0.539403 -0.06284681 
  -0.02142575 -0.5450621 -0.02516154 
  -0.02737575 -0.5512447 -0.01091342 
  0.04196594 -0.5580263 -0.05007046 
  0.03257453 -0.564187 -0.0203625 
  0.03802934 -0.5702744 0.06963541 
  0.06100605 -0.5753164 -0.05374308 
  0.05017398 -0.5797043 -0.05880387 
  -0.05198639 -0.5807962 -0.04317479 
  -0.03974627 -0.578887 0.0124303 
  0.00368929 -0.5770197 0.03008073 
  -0.1237709 -0.5768366 0.03690494 
  -0.05303562 -0.5781097 0.07466759 
  -0.02562962 -0.5503531 0.1540054 
  -0.1679177 -0.4732504 0.2777411 
  -0.08070765 -0.4628696 0.3413021 
  -0.09109081 -0.3637838 0.2341352 
  -0.3925781 -0.3554564 0.1899074 
  -0.3695053 -0.3274832 0.03869717 
  -0.4518463 -0.3198004 -0.01979349 
  -0.4350085 -0.3316479 0.3679158 
  -0.3214704 -0.3829317 1.082944 
  -0.1776141 0.05550003 1.304871 
  -0.1317493 0.5641737 1.106071 
  -0.1139087 0.4939432 0.2881195 
  -0.1315308 0.463644 -0.2797498 
  -0.2094054 0.413538 -0.3714841 
  -0.02753733 0.2937613 -0.3204544 
  -0.2075075 0.243639 -0.3021734 
  -0.1619409 0.2232475 -0.3116511 
  -0.08906762 0.1425571 -0.4272743 
  -0.05780922 0.06366825 -0.437759 
  -0.2865569 -0.1074657 -0.2034691 
  -0.4513913 -0.06765461 0.05436295 
  -0.3351395 -0.008267403 0.2005151 
  -0.5418119 0.05983639 0.1348984 
  -0.5744965 0.03854752 0.08070254 
  -0.589061 0.02802563 0.1090821 
  -0.6602836 0.08788395 0.2704062 
  -0.7731514 0.167695 0.3635243 
  -0.7680232 0.227767 0.3027048 
  -0.8022065 0.2680597 0.2948439 
  -0.9875257 0.310276 0.1572284 
  -1.073575 0.3146076 -0.009145332 
  -1.09631 0.3176994 0.00657402 
  -1.159281 0.3136845 -0.08741796 
  -0.8882636 0.3092012 -0.09361035 
  -0.6030447 0.2723026 -0.3481357 
  -0.6140099 0.1627207 -0.2534594 
  -0.7986359 0.1229334 -0.2107052 
  -0.9521598 0.08297825 -0.1190053 
  -0.8876292 0.06300163 0.04784261 
  -0.7323651 0.08293056 0.2733023 
  -0.3406697 0.182642 0.3140515 
  -0.664914 0.2524509 0.1719446 
  -0.6635095 0.2324724 -0.09843335 
  -0.6520059 0.1824961 -0.1655392 
  -0.8766334 0.1425667 -0.2119524 
  -0.8745378 0.1177626 -0.1279349 
  -0.8483408 0.09131241 -0.1244691 
  -0.9179164 0.06484032 -0.06528707 
  -0.6793618 0.02858067 -0.2397825 
  -0.5158903 -0.01762295 -0.2467725 
  -0.5367628 -0.1036987 -0.1050886 
  -0.659914 -0.07996655 -0.03737834 
  -0.8629 -0.06612778 -0.01235506 
  -1.039986 -0.07229424 -0.1050847 
  -0.9922461 -0.09795189 -0.1250954 
  -0.962827 -0.122674 -0.1062876 
  -1.028641 -0.1561565 -0.06865044 
  -0.9240075 -0.1493378 -0.01077255 
  -0.8837624 -0.1324263 0.08354799 
  -0.7761905 -0.1155205 0.01519999 
  -0.5757643 -0.09872723 0.06434833 
  -0.5764996 -0.09154701 0.06335267 
  -0.6837712 -0.1032286 0.1138122 
  -0.5770385 -0.0836153 0.2870702 
  -0.4777899 -0.03299999 0.163493 
  -0.4649649 0.01830482 -0.05057867 
  -0.3956822 -0.03970528 -0.303932 
  -0.3552972 -0.1372919 -0.3013761 
  -0.5595594 -0.1847181 -0.1133405 
  -0.7460087 -0.2020979 -0.1943365 
  -0.8127066 -0.2191753 -0.1053043 
  -0.7792747 -0.2159119 -0.03324203 
  -0.742681 -0.2222691 -0.04280805 
  -0.7985669 -0.2292213 0.004897404 
  -0.7323263 -0.2288675 0.07028882 
  -0.6242751 -0.2282209 0.08485492 
  -0.5161373 -0.2282438 0.05635158 
  -0.617171 -0.188611 0.0651603 
  -0.6122771 -0.1787195 0.1112991 
  -0.5163664 -0.1887732 -0.01720233 
  -0.3297984 -0.1904182 -0.0976581 
  -0.2464783 -0.1916971 -0.02093 
  -0.2164894 -0.1939774 -0.01501187 
  -0.2776083 -0.1961069 0.07304943 
  -0.3844667 -0.1970949 -0.04745746 
  -0.3858668 -0.197094 -0.0148247 
  -0.1792132 -0.1969194 -0.1355882 
  0.02447844 -0.1967993 0.04101596 
  0.02246288 -0.1966591 0.05086768 
  0.02759304 -0.1963692 -0.03250578 
  0.00823068 -0.1963587 0.05168292 
  -0.1770382 -0.196207 -0.003909543 
  -0.2416153 -0.216074 -0.1191905 
  -0.5122179 -0.2360058 -0.05319298 
  -0.2672247 -0.2360048 -0.05548913 
  -0.2860144 -0.2362652 0.007138154 
  -0.08545046 -0.2369938 -0.07642558 
  -0.1864263 -0.247118 0.02764698 
  -0.01261893 -0.256978 -0.05357297 
  -0.01812024 -0.2670307 -0.06547123 
  -0.09612274 -0.2771931 -0.08300632 
  0.07079684 -0.2866879 -0.04999011 
  -0.2030702 -0.2752647 -0.1299288 
  -0.2835487 -0.3129644 -0.1359325 
  -0.4109193 -0.3700733 -0.1787228 
  -0.4930927 -0.4166393 -0.1836421 
  -0.4329284 -0.4232225 0.08478534 
  -0.9225443 -0.4097691 0.01203483 
  -0.6654862 -0.3963537 0.08672211 
  -0.4640354 -0.3630323 0.1719971 
  -0.1471361 -0.3004332 0.1948696 
  -0.1763965 -0.2391014 0.3502332 
  -0.06834451 -0.1681986 0.3167376 
  -0.03128726 -0.09780979 0.4087577 
  -0.04183317 -0.0276823 0.4241257 
  0.01720262 0.04273033 0.2943586 
  0.007892048 0.11304 0.3242236 
  -0.02648857 0.1858263 0.3155976 
  -0.02691682 0.2584133 0.3601873 
  -0.01957392 0.3303528 0.2823892 
  -0.5003157 0.4018307 0.21996 
  -0.6992238 0.4032307 0.06896324 
  -0.8822137 0.4143429 -0.06160033 
  -1.185564 0.415204 0.1205907 
  -1.216123 0.4255867 0.04001391 
  -1.123091 0.4353981 0.05027091 
  -1.018421 0.434164 0.03687488 
  -0.9790135 0.4431028 0.01141745 
  -1.01947 0.4622869 -0.07020627 
  -0.895835 0.4415436 -0.1265024 
  -0.675122 0.390501 -0.2174131 
  -0.7797273 0.2991638 -0.1901641 
  -1.052988 0.2670813 -0.05082953 
  -1.147488 0.2650299 0.0487607 
  -1.106353 0.2732496 0.03806753 
  -1.1544 0.2817869 -0.1620011 
  -0.9997193 0.2608461 -0.1821295 
  -0.7123408 0.1801949 -0.4812537 
  -0.6673266 0.06930161 -0.4251081 
  -0.7565194 -0.02121162 -0.3929574 
  -0.8182262 -0.08094597 -0.3334665 
  -0.9079563 -0.1201057 -0.1950732 
  -1.003024 -0.1500349 -0.1731505 
  -0.9865748 -0.180541 -0.1463385 
  -0.9118977 -0.2033091 -0.1570694 
  -0.8726357 -0.2370501 -0.1949547 
  -0.8553813 -0.2814074 -0.1461781 
  -0.7276453 -0.3259611 -0.1249405 
  -0.5268973 -0.3510065 -0.1400934 
  -0.2762337 -0.3765612 -0.09144173 
  -0.2985512 -0.40236 -0.03590837 ]
